Generation	Total Cells	Plasmid	Donors	Recipients	Empty	Antibiotic	Percentage	
Generation	Total Cells	Plasmid	Donors	Recipients	Empty	Antibiotic	Percentage	
Generation	Total Cells	Plasmid	Donors	Recipients	Empty	Antibiotic	Percentage	
Generation	Total Cells	Plasmid	Donors	Recipients	Empty	Antibiotic	Percentage	
Generation	Total Cells	Plasmid	Donors	Recipients	Empty	Antibiotic	Percentage	
Generation	Total Cells	Plasmid	Donors	Recipients	Empty	Antibiotic	Percentage	
Generation	Total Cells	Plasmid	Donors	Recipients	Empty	Antibiotic	Percentage	
Generation	Total Cells	Plasmid	Donors	Recipients	Empty	Antibiotic	Percentage	
Generation	Total Cells	Plasmid	Donors	Recipients	Empty	Antibiotic	Percentage	
1	2500	2	2	2498	0	0	8.0E-4	
2	2500	2	2	2498	0	0	8.0E-4	
3	2500	2	3	2497	0	0	0.0012	
4	2500	2	3	2497	0	0	0.0012	
5	2500	2	3	2497	0	0	0.0012	
6	2500	2	3	2497	0	0	0.0012	
7	2500	2	3	2497	0	0	0.0012	
8	2500	2	5	2495	0	0	0.0020	
9	2500	2	6	2494	0	0	0.0024	
10	2500	2	8	2492	0	0	0.0032	
11	2500	2	9	2491	0	0	0.0036	
12	2500	2	11	2489	0	0	0.0044	
13	2500	2	18	2482	0	0	0.0072	
14	2500	2	21	2479	0	0	0.0084	
15	2500	2	27	2473	0	0	0.0108	
16	2500	2	32	2468	0	0	0.0128	
17	2500	2	35	2465	0	0	0.014	
18	2500	2	41	2459	0	0	0.0164	
19	2500	2	47	2453	0	0	0.0188	
20	2500	2	51	2449	0	0	0.0204	
21	2500	2	63	2437	0	0	0.0252	
22	2500	2	71	2429	0	0	0.0284	
23	2500	2	76	2424	0	0	0.0304	
24	2500	2	87	2413	0	0	0.0348	
25	2500	2	96	2404	0	0	0.0384	
26	2500	2	103	2397	0	0	0.0412	
27	2500	2	111	2389	0	0	0.0444	
28	2500	2	122	2378	0	0	0.0488	
29	2500	2	127	2373	0	0	0.0508	
30	2500	2	140	2360	0	0	0.056	
31	2500	2	149	2351	0	0	0.0596	
32	2500	2	165	2335	0	0	0.066	
33	2500	2	180	2320	0	0	0.072	
34	2500	2	195	2305	0	0	0.078	
35	2500	2	206	2294	0	0	0.0824	
36	2500	2	218	2282	0	0	0.0872	
37	2500	2	240	2260	0	0	0.096	
38	2500	2	254	2246	0	0	0.1016	
39	2500	2	266	2234	0	0	0.1064	
40	2500	2	288	2212	0	0	0.1152	
41	2500	2	305	2195	0	0	0.122	
42	2500	2	340	2160	0	0	0.136	
43	2500	2	351	2149	0	0	0.1404	
44	2500	2	382	2118	0	0	0.1528	
45	2500	2	403	2097	0	0	0.1612	
46	2500	2	423	2077	0	0	0.1692	
47	2500	2	441	2059	0	0	0.1764	
48	2500	2	466	2034	0	0	0.1864	
49	2500	2	488	2012	0	0	0.1952	
50	2500	2	511	1989	0	0	0.2044	
51	2500	2	535	1965	0	0	0.214	
52	2500	2	555	1945	0	0	0.222	
53	2500	2	584	1916	0	0	0.2336	
54	2500	2	618	1882	0	0	0.2472	
55	2500	2	642	1858	0	0	0.2568	
56	2500	2	674	1826	0	0	0.2696	
57	2500	2	710	1790	0	0	0.284	
58	2500	2	737	1763	0	0	0.2948	
59	2500	2	774	1726	0	0	0.3096	
60	2500	2	813	1687	0	0	0.3252	
61	2500	2	845	1655	0	0	0.338	
62	2500	2	879	1621	0	0	0.3516	
63	2500	2	925	1575	0	0	0.37	
64	2500	2	959	1541	0	0	0.3836	
65	2500	2	986	1514	0	0	0.3944	
66	2500	2	1026	1474	0	0	0.4104	
67	2500	2	1060	1440	0	0	0.424	
68	2500	2	1108	1392	0	0	0.4432	
69	2500	2	1153	1347	0	0	0.4612	
70	2500	2	1192	1308	0	0	0.4768	
71	2500	2	1228	1272	0	0	0.4912	
72	2500	2	1261	1239	0	0	0.5044	
73	2500	2	1299	1201	0	0	0.5196	
74	2500	2	1326	1174	0	0	0.5304	
75	2500	2	1355	1145	0	0	0.542	
76	2500	2	1404	1096	0	0	0.5616	
77	2500	2	1433	1067	0	0	0.5732	
78	2500	2	1477	1023	0	0	0.5908	
79	2500	2	1520	980	0	0	0.608	
80	2500	2	1568	932	0	0	0.6272	
81	2500	2	1616	884	0	0	0.6464	
82	2500	2	1654	846	0	0	0.6616	
83	2500	2	1689	811	0	0	0.6756	
84	2500	2	1727	773	0	0	0.6908	
85	2500	2	1759	741	0	0	0.7036	
86	2500	2	1802	698	0	0	0.7208	
87	2500	2	1842	658	0	0	0.7368	
88	2500	2	1872	628	0	0	0.7488	
89	2500	2	1914	586	0	0	0.7656	
90	2500	2	1951	549	0	0	0.7804	
91	2500	2	1991	509	0	0	0.7964	
92	2500	2	2025	475	0	0	0.81	
93	2500	2	2060	440	0	0	0.824	
94	2500	2	2089	411	0	0	0.8356	
95	2500	2	2119	381	0	0	0.8476	
96	2500	2	2146	354	0	0	0.8584	
97	2500	2	2178	322	0	0	0.8712	
98	2500	2	2209	291	0	0	0.8836	
99	2500	2	2228	272	0	0	0.8912	
100	2500	2	2262	238	0	0	0.9048	
101	2500	2	2291	209	0	0	0.9164	
102	2500	2	2315	185	0	0	0.926	
103	2500	2	2338	162	0	0	0.9352	
104	2500	2	2359	141	0	0	0.9436	
105	2500	2	2378	122	0	0	0.9512	
106	2500	2	2401	99	0	0	0.9604	
107	2500	2	2419	81	0	0	0.9676	
108	2500	2	2428	72	0	0	0.9712	
109	2500	2	2437	63	0	0	0.9748	
110	2500	2	2451	49	0	0	0.9804	
111	2500	2	2457	43	0	0	0.9828	
112	2500	2	2465	35	0	0	0.986	
113	2500	2	2473	27	0	0	0.9892	
114	2500	2	2474	26	0	0	0.9896	
115	2500	2	2483	17	0	0	0.9932	
116	2500	2	2489	11	0	0	0.9956	
117	2500	2	2494	6	0	0	0.9976	
118	2500	2	2498	2	0	0	0.9992	
119	2500	2	2500	0	0	0	1.0	
120	2500	2	2500	0	0	0	1.0	
Generation	Total Cells	Plasmid	Donors	Recipients	Empty	Antibiotic	Percentage	
1	2500	0	1	2499	0	0	4.0E-4	
2	2500	0	2	2498	0	0	8.0E-4	
3	2500	0	3	2497	0	0	0.0012	
4	2500	0	4	2496	0	0	0.0016	
5	2500	0	5	2495	0	0	0.0020	
6	2500	0	5	2495	0	0	0.0020	
7	2500	0	9	2491	0	0	0.0036	
8	2500	0	9	2491	0	0	0.0036	
9	2500	0	10	2490	0	0	0.0040	
10	2500	0	11	2489	0	0	0.0044	
11	2500	0	13	2487	0	0	0.0052	
12	2500	0	13	2487	0	0	0.0052	
13	2500	0	14	2486	0	0	0.0056	
14	2500	0	17	2483	0	0	0.0068	
15	2500	0	17	2483	0	0	0.0068	
16	2500	0	17	2483	0	0	0.0068	
17	2500	0	18	2482	0	0	0.0072	
18	2500	0	19	2481	0	0	0.0076	
19	2500	0	21	2479	0	0	0.0084	
20	2500	0	24	2476	0	0	0.0096	
21	2500	0	24	2476	0	0	0.0096	
22	2500	0	27	2473	0	0	0.0108	
23	2500	0	28	2472	0	0	0.0112	
24	2500	0	28	2472	0	0	0.0112	
25	2500	0	28	2472	0	0	0.0112	
Generation	Total Cells	Plasmid	Donors	Recipients	Empty	Antibiotic	Percentage	
Generation	Total Cells	Plasmid	Donors	Recipients	Empty	Antibiotic	Percentage	
Generation	Total Cells	Plasmid	Donors	Recipients	Empty	Antibiotic	Percentage	
Generation	Total Cells	Plasmid	Donors	Recipients	Empty	Antibiotic	Percentage	
Generation	Total Cells	Plasmid	Donors	Recipients	Empty	Antibiotic	Percentage	
Generation	Total Cells	Plasmid	Donors	Recipients	Empty	Antibiotic	Percentage	
Generation	Total Cells	Plasmid	Donors	Recipients	Empty	Antibiotic	Percentage	
Generation	Total Cells	Plasmid	Donors	Recipients	Empty	Antibiotic	Percentage	
Generation	Total Cells	Plasmid	Donors	Recipients	Empty	Antibiotic	Percentage	
Generation	Total Cells	Plasmid	Donors	Recipients	Empty	Antibiotic	Percentage	
Generation	Total Cells	Plasmid	Donors	Recipients	Empty	Antibiotic	Percentage	
Generation	Total Cells	Plasmid	Donors	Recipients	Empty	Antibiotic	Percentage	
Generation	Total Cells	Plasmid	Donors	Recipients	Empty	Antibiotic	Percentage	
1	2500	0	2	2498	0	0	8.0E-4	
2	2500	0	2	2498	0	0	8.0E-4	
3	2500	0	3	2497	0	0	0.0012	
4	2500	0	4	2496	0	0	0.0016	
5	2500	0	4	2496	0	0	0.0016	
6	2500	0	5	2495	0	0	0.0020	
7	2500	0	8	2492	0	0	0.0032	
8	2500	0	8	2492	0	0	0.0032	
9	2500	0	8	2492	0	0	0.0032	
10	2500	0	9	2491	0	0	0.0036	
11	2500	0	9	2491	0	0	0.0036	
12	2500	0	9	2491	0	0	0.0036	
13	2500	0	9	2491	0	0	0.0036	
14	2500	0	9	2491	0	0	0.0036	
15	2500	0	9	2491	0	0	0.0036	
16	2500	0	9	2491	0	0	0.0036	
17	2500	0	9	2491	0	0	0.0036	
18	2500	0	9	2491	0	0	0.0036	
19	2500	0	10	2490	0	0	0.0040	
20	2500	0	10	2490	0	0	0.0040	
21	2500	0	11	2489	0	0	0.0044	
22	2500	0	12	2488	0	0	0.0048	
23	2500	0	12	2488	0	0	0.0048	
24	2500	0	14	2486	0	0	0.0056	
25	2500	0	14	2486	0	0	0.0056	
26	2500	0	16	2484	0	0	0.0064	
27	2500	0	16	2484	0	0	0.0064	
28	2500	0	18	2482	0	0	0.0072	
29	2500	0	18	2482	0	0	0.0072	
30	2500	0	18	2482	0	0	0.0072	
31	2500	0	21	2479	0	0	0.0084	
32	2500	0	21	2479	0	0	0.0084	
33	2500	0	21	2479	0	0	0.0084	
34	2500	0	22	2478	0	0	0.0088	
35	2500	0	23	2477	0	0	0.0092	
36	2500	0	25	2475	0	0	0.01	
37	2500	0	28	2472	0	0	0.0112	
38	2500	0	29	2471	0	0	0.0116	
39	2500	0	29	2471	0	0	0.0116	
40	2500	0	29	2471	0	0	0.0116	
41	2500	0	30	2470	0	0	0.012	
42	2500	0	30	2470	0	0	0.012	
43	2500	0	33	2467	0	0	0.0132	
44	2500	0	33	2467	0	0	0.0132	
45	2500	0	33	2467	0	0	0.0132	
46	2500	0	34	2466	0	0	0.0136	
47	2500	0	35	2465	0	0	0.014	
48	2500	0	35	2465	0	0	0.014	
49	2500	0	35	2465	0	0	0.014	
50	2500	0	35	2465	0	0	0.014	
51	2500	0	35	2465	0	0	0.014	
52	2500	0	35	2465	0	0	0.014	
53	2500	0	35	2465	0	0	0.014	
54	2500	0	35	2465	0	0	0.014	
55	2500	0	35	2465	0	0	0.014	
56	2500	0	35	2465	0	0	0.014	
57	2500	0	35	2465	0	0	0.014	
58	2500	0	35	2465	0	0	0.014	
59	2500	0	35	2465	0	0	0.014	
60	2500	0	35	2465	0	0	0.014	
61	2500	0	35	2465	0	0	0.014	
62	2500	0	36	2464	0	0	0.0144	
63	2500	0	36	2464	0	0	0.0144	
64	2500	0	36	2464	0	0	0.0144	
65	2500	0	36	2464	0	0	0.0144	
66	2500	0	36	2464	0	0	0.0144	
67	2500	0	36	2464	0	0	0.0144	
68	2500	0	37	2463	0	0	0.0148	
69	2500	0	39	2461	0	0	0.0156	
70	2500	0	41	2459	0	0	0.0164	
71	2500	0	41	2459	0	0	0.0164	
72	2500	0	41	2459	0	0	0.0164	
73	2500	0	42	2458	0	0	0.0168	
74	2500	0	44	2456	0	0	0.0176	
75	2500	0	44	2456	0	0	0.0176	
76	2500	0	45	2455	0	0	0.018	
77	2500	0	45	2455	0	0	0.018	
78	2500	0	45	2455	0	0	0.018	
79	2500	0	48	2452	0	0	0.0192	
80	2500	0	51	2449	0	0	0.0204	
81	2500	0	52	2448	0	0	0.0208	
82	2500	0	52	2448	0	0	0.0208	
83	2500	0	54	2446	0	0	0.0216	
84	2500	0	58	2442	0	0	0.0232	
85	2500	0	58	2442	0	0	0.0232	
86	2500	0	61	2439	0	0	0.0244	
87	2500	0	63	2437	0	0	0.0252	
88	2500	0	64	2436	0	0	0.0256	
89	2500	0	64	2436	0	0	0.0256	
90	2500	0	65	2435	0	0	0.026	
91	2500	0	66	2434	0	0	0.0264	
92	2500	0	67	2433	0	0	0.0268	
93	2500	0	67	2433	0	0	0.0268	
94	2500	0	67	2433	0	0	0.0268	
95	2500	0	68	2432	0	0	0.0272	
96	2500	0	68	2432	0	0	0.0272	
97	2500	0	68	2432	0	0	0.0272	
98	2500	0	68	2432	0	0	0.0272	
99	2500	0	69	2431	0	0	0.0276	
100	2500	0	69	2431	0	0	0.0276	
101	2500	0	69	2431	0	0	0.0276	
102	2500	0	69	2431	0	0	0.0276	
103	2500	0	70	2430	0	0	0.028	
104	2500	0	71	2429	0	0	0.0284	
105	2500	0	72	2428	0	0	0.0288	
106	2500	0	72	2428	0	0	0.0288	
107	2500	0	76	2424	0	0	0.0304	
108	2500	0	77	2423	0	0	0.0308	
109	2500	0	77	2423	0	0	0.0308	
110	2500	0	79	2421	0	0	0.0316	
111	2500	0	80	2420	0	0	0.032	
112	2500	0	80	2420	0	0	0.032	
113	2500	0	82	2418	0	0	0.0328	
114	2500	0	83	2417	0	0	0.0332	
115	2500	0	83	2417	0	0	0.0332	
116	2500	0	83	2417	0	0	0.0332	
117	2500	0	83	2417	0	0	0.0332	
118	2500	0	83	2417	0	0	0.0332	
119	2500	0	84	2416	0	0	0.0336	
120	2500	0	85	2415	0	0	0.034	
121	2500	0	85	2415	0	0	0.034	
122	2500	0	85	2415	0	0	0.034	
123	2500	0	85	2415	0	0	0.034	
124	2500	0	85	2415	0	0	0.034	
125	2500	0	85	2415	0	0	0.034	
126	2500	0	86	2414	0	0	0.0344	
127	2500	0	86	2414	0	0	0.0344	
128	2500	0	88	2412	0	0	0.0352	
129	2500	0	89	2411	0	0	0.0356	
130	2500	0	91	2409	0	0	0.0364	
131	2500	0	92	2408	0	0	0.0368	
132	2500	0	92	2408	0	0	0.0368	
133	2500	0	92	2408	0	0	0.0368	
134	2500	0	92	2408	0	0	0.0368	
135	2500	0	92	2408	0	0	0.0368	
136	2500	0	93	2407	0	0	0.0372	
137	2500	0	95	2405	0	0	0.038	
138	2500	0	95	2405	0	0	0.038	
139	2500	0	95	2405	0	0	0.038	
140	2500	0	95	2405	0	0	0.038	
141	2500	0	95	2405	0	0	0.038	
142	2500	0	95	2405	0	0	0.038	
143	2500	0	95	2405	0	0	0.038	
144	2500	0	95	2405	0	0	0.038	
145	2500	0	96	2404	0	0	0.0384	
146	2500	0	97	2403	0	0	0.0388	
147	2500	0	97	2403	0	0	0.0388	
148	2500	0	99	2401	0	0	0.0396	
149	2500	0	103	2397	0	0	0.0412	
150	2500	0	103	2397	0	0	0.0412	
151	2500	0	103	2397	0	0	0.0412	
152	2500	0	103	2397	0	0	0.0412	
153	2500	0	103	2397	0	0	0.0412	
154	2500	0	103	2397	0	0	0.0412	
155	2500	0	103	2397	0	0	0.0412	
156	2500	0	104	2396	0	0	0.0416	
157	2500	0	106	2394	0	0	0.0424	
158	2500	0	106	2394	0	0	0.0424	
159	2500	0	107	2393	0	0	0.0428	
160	2500	0	109	2391	0	0	0.0436	
161	2500	0	110	2390	0	0	0.044	
162	2500	0	110	2390	0	0	0.044	
163	2500	0	110	2390	0	0	0.044	
164	2500	0	112	2388	0	0	0.0448	
165	2500	0	112	2388	0	0	0.0448	
166	2500	0	112	2388	0	0	0.0448	
167	2500	0	112	2388	0	0	0.0448	
168	2500	0	112	2388	0	0	0.0448	
169	2500	0	112	2388	0	0	0.0448	
170	2500	0	113	2387	0	0	0.0452	
171	2500	0	113	2387	0	0	0.0452	
172	2500	0	114	2386	0	0	0.0456	
173	2500	0	115	2385	0	0	0.046	
174	2500	0	116	2384	0	0	0.0464	
175	2500	0	118	2382	0	0	0.0472	
176	2500	0	119	2381	0	0	0.0476	
177	2500	0	119	2381	0	0	0.0476	
178	2500	0	120	2380	0	0	0.048	
179	2500	0	122	2378	0	0	0.0488	
180	2500	0	124	2376	0	0	0.0496	
181	2500	0	124	2376	0	0	0.0496	
182	2500	0	127	2373	0	0	0.0508	
183	2500	0	130	2370	0	0	0.052	
184	2500	0	133	2367	0	0	0.0532	
185	2500	0	133	2367	0	0	0.0532	
186	2500	0	133	2367	0	0	0.0532	
187	2500	0	133	2367	0	0	0.0532	
188	2500	0	134	2366	0	0	0.0536	
189	2500	0	137	2363	0	0	0.0548	
190	2500	0	139	2361	0	0	0.0556	
191	2500	0	140	2360	0	0	0.056	
192	2500	0	141	2359	0	0	0.0564	
193	2500	0	143	2357	0	0	0.0572	
194	2500	0	143	2357	0	0	0.0572	
195	2500	0	143	2357	0	0	0.0572	
196	2500	0	143	2357	0	0	0.0572	
197	2500	0	143	2357	0	0	0.0572	
198	2500	0	143	2357	0	0	0.0572	
199	2500	0	143	2357	0	0	0.0572	
200	2500	0	145	2355	0	0	0.058	
201	2500	0	146	2354	0	0	0.0584	
202	2500	0	147	2353	0	0	0.0588	
203	2500	0	149	2351	0	0	0.0596	
204	2500	0	151	2349	0	0	0.0604	
205	2500	0	152	2348	0	0	0.0608	
206	2500	0	153	2347	0	0	0.0612	
207	2500	0	153	2347	0	0	0.0612	
208	2500	0	153	2347	0	0	0.0612	
209	2500	0	153	2347	0	0	0.0612	
210	2500	0	153	2347	0	0	0.0612	
211	2500	0	153	2347	0	0	0.0612	
212	2500	0	153	2347	0	0	0.0612	
213	2500	0	154	2346	0	0	0.0616	
214	2500	0	156	2344	0	0	0.0624	
215	2500	0	157	2343	0	0	0.0628	
216	2500	0	157	2343	0	0	0.0628	
217	2500	0	157	2343	0	0	0.0628	
218	2500	0	158	2342	0	0	0.0632	
219	2500	0	159	2341	0	0	0.0636	
220	2500	0	160	2340	0	0	0.064	
221	2500	0	162	2338	0	0	0.0648	
222	2500	0	163	2337	0	0	0.0652	
223	2500	0	166	2334	0	0	0.0664	
224	2500	0	167	2333	0	0	0.0668	
225	2500	0	168	2332	0	0	0.0672	
226	2500	0	168	2332	0	0	0.0672	
227	2500	0	169	2331	0	0	0.0676	
228	2500	0	172	2328	0	0	0.0688	
229	2500	0	172	2328	0	0	0.0688	
230	2500	0	175	2325	0	0	0.07	
231	2500	0	175	2325	0	0	0.07	
232	2500	0	177	2323	0	0	0.0708	
233	2500	0	178	2322	0	0	0.0712	
234	2500	0	180	2320	0	0	0.072	
235	2500	0	181	2319	0	0	0.0724	
236	2500	0	181	2319	0	0	0.0724	
237	2500	0	182	2318	0	0	0.0728	
238	2500	0	183	2317	0	0	0.0732	
239	2500	0	183	2317	0	0	0.0732	
240	2500	0	185	2315	0	0	0.074	
241	2500	0	185	2315	0	0	0.074	
242	2500	0	185	2315	0	0	0.074	
243	2500	0	186	2314	0	0	0.0744	
244	2500	0	188	2312	0	0	0.0752	
245	2500	0	190	2310	0	0	0.076	
246	2500	0	193	2307	0	0	0.0772	
247	2500	0	200	2300	0	0	0.08	
248	2500	0	206	2294	0	0	0.0824	
249	2500	0	207	2293	0	0	0.0828	
250	2500	0	211	2289	0	0	0.0844	
251	2500	0	212	2288	0	0	0.0848	
252	2500	0	215	2285	0	0	0.086	
253	2500	0	216	2284	0	0	0.0864	
254	2500	0	221	2279	0	0	0.0884	
255	2500	0	224	2276	0	0	0.0896	
256	2500	0	228	2272	0	0	0.0912	
257	2500	0	233	2267	0	0	0.0932	
258	2500	0	239	2261	0	0	0.0956	
259	2500	0	241	2259	0	0	0.0964	
260	2500	0	242	2258	0	0	0.0968	
261	2500	0	243	2257	0	0	0.0972	
262	2500	0	245	2255	0	0	0.098	
263	2500	0	246	2254	0	0	0.0984	
264	2500	0	246	2254	0	0	0.0984	
265	2500	0	248	2252	0	0	0.0992	
266	2500	0	249	2251	0	0	0.0996	
267	2500	0	252	2248	0	0	0.1008	
268	2500	0	254	2246	0	0	0.1016	
269	2500	0	256	2244	0	0	0.1024	
270	2500	0	257	2243	0	0	0.1028	
271	2500	0	257	2243	0	0	0.1028	
272	2500	0	257	2243	0	0	0.1028	
273	2500	0	257	2243	0	0	0.1028	
274	2500	0	257	2243	0	0	0.1028	
275	2500	0	258	2242	0	0	0.1032	
276	2500	0	259	2241	0	0	0.1036	
277	2500	0	259	2241	0	0	0.1036	
278	2500	0	260	2240	0	0	0.104	
279	2500	0	260	2240	0	0	0.104	
280	2500	0	260	2240	0	0	0.104	
281	2500	0	260	2240	0	0	0.104	
282	2500	0	261	2239	0	0	0.1044	
283	2500	0	263	2237	0	0	0.1052	
284	2500	0	265	2235	0	0	0.106	
285	2500	0	270	2230	0	0	0.108	
286	2500	0	276	2224	0	0	0.1104	
287	2500	0	277	2223	0	0	0.1108	
288	2500	0	278	2222	0	0	0.1112	
289	2500	0	283	2217	0	0	0.1132	
290	2500	0	285	2215	0	0	0.114	
291	2500	0	289	2211	0	0	0.1156	
292	2500	0	294	2206	0	0	0.1176	
293	2500	0	296	2204	0	0	0.1184	
294	2500	0	297	2203	0	0	0.1188	
295	2500	0	298	2202	0	0	0.1192	
296	2500	0	300	2200	0	0	0.12	
297	2500	0	301	2199	0	0	0.1204	
298	2500	0	301	2199	0	0	0.1204	
299	2500	0	305	2195	0	0	0.122	
300	2500	0	308	2192	0	0	0.1232	
301	2500	0	312	2188	0	0	0.1248	
302	2500	0	312	2188	0	0	0.1248	
303	2500	0	313	2187	0	0	0.1252	
304	2500	0	313	2187	0	0	0.1252	
305	2500	0	314	2186	0	0	0.1256	
306	2500	0	316	2184	0	0	0.1264	
307	2500	0	317	2183	0	0	0.1268	
308	2500	0	318	2182	0	0	0.1272	
309	2500	0	319	2181	0	0	0.1276	
310	2500	0	320	2180	0	0	0.128	
311	2500	0	321	2179	0	0	0.1284	
312	2500	0	322	2178	0	0	0.1288	
313	2500	0	326	2174	0	0	0.1304	
314	2500	0	329	2171	0	0	0.1316	
315	2500	0	330	2170	0	0	0.132	
316	2500	0	332	2168	0	0	0.1328	
317	2500	0	333	2167	0	0	0.1332	
318	2500	0	336	2164	0	0	0.1344	
319	2500	0	336	2164	0	0	0.1344	
320	2500	0	336	2164	0	0	0.1344	
321	2500	0	337	2163	0	0	0.1348	
322	2500	0	338	2162	0	0	0.1352	
323	2500	0	341	2159	0	0	0.1364	
324	2500	0	343	2157	0	0	0.1372	
325	2500	0	347	2153	0	0	0.1388	
326	2500	0	350	2150	0	0	0.14	
327	2500	0	356	2144	0	0	0.1424	
328	2500	0	359	2141	0	0	0.1436	
329	2500	0	359	2141	0	0	0.1436	
330	2500	0	362	2138	0	0	0.1448	
331	2500	0	363	2137	0	0	0.1452	
332	2500	0	363	2137	0	0	0.1452	
333	2500	0	365	2135	0	0	0.146	
334	2500	0	366	2134	0	0	0.1464	
335	2500	0	371	2129	0	0	0.1484	
336	2500	0	373	2127	0	0	0.1492	
337	2500	0	374	2126	0	0	0.1496	
338	2500	0	377	2123	0	0	0.1508	
339	2500	0	378	2122	0	0	0.1512	
340	2500	0	379	2121	0	0	0.1516	
341	2500	0	382	2118	0	0	0.1528	
342	2500	0	384	2116	0	0	0.1536	
343	2500	0	384	2116	0	0	0.1536	
344	2500	0	387	2113	0	0	0.1548	
345	2500	0	387	2113	0	0	0.1548	
346	2500	0	389	2111	0	0	0.1556	
347	2500	0	390	2110	0	0	0.156	
348	2500	0	394	2106	0	0	0.1576	
349	2500	0	398	2102	0	0	0.1592	
350	2500	0	403	2097	0	0	0.1612	
351	2500	0	407	2093	0	0	0.1628	
352	2500	0	408	2092	0	0	0.1632	
353	2500	0	409	2091	0	0	0.1636	
354	2500	0	413	2087	0	0	0.1652	
355	2500	0	416	2084	0	0	0.1664	
356	2500	0	419	2081	0	0	0.1676	
357	2500	0	420	2080	0	0	0.168	
358	2500	0	424	2076	0	0	0.1696	
359	2500	0	426	2074	0	0	0.1704	
360	2500	0	429	2071	0	0	0.1716	
361	2500	0	434	2066	0	0	0.1736	
362	2500	0	435	2065	0	0	0.174	
363	2500	0	439	2061	0	0	0.1756	
364	2500	0	443	2057	0	0	0.1772	
365	2500	0	446	2054	0	0	0.1784	
366	2500	0	448	2052	0	0	0.1792	
367	2500	0	451	2049	0	0	0.1804	
368	2500	0	453	2047	0	0	0.1812	
369	2500	0	454	2046	0	0	0.1816	
370	2500	0	458	2042	0	0	0.1832	
371	2500	0	460	2040	0	0	0.184	
372	2500	0	469	2031	0	0	0.1876	
373	2500	0	469	2031	0	0	0.1876	
374	2500	0	469	2031	0	0	0.1876	
375	2500	0	471	2029	0	0	0.1884	
376	2500	0	474	2026	0	0	0.1896	
377	2500	0	478	2022	0	0	0.1912	
378	2500	0	480	2020	0	0	0.192	
379	2500	0	484	2016	0	0	0.1936	
380	2500	0	487	2013	0	0	0.1948	
381	2500	0	487	2013	0	0	0.1948	
382	2500	0	487	2013	0	0	0.1948	
383	2500	0	491	2009	0	0	0.1964	
384	2500	0	492	2008	0	0	0.1968	
385	2500	0	493	2007	0	0	0.1972	
386	2500	0	494	2006	0	0	0.1976	
387	2500	0	494	2006	0	0	0.1976	
388	2500	0	494	2006	0	0	0.1976	
389	2500	0	495	2005	0	0	0.198	
390	2500	0	499	2001	0	0	0.1996	
391	2500	0	501	1999	0	0	0.2004	
392	2500	0	502	1998	0	0	0.2008	
393	2500	0	503	1997	0	0	0.2012	
394	2500	0	505	1995	0	0	0.202	
395	2500	0	510	1990	0	0	0.204	
396	2500	0	512	1988	0	0	0.2048	
397	2500	0	513	1987	0	0	0.2052	
398	2500	0	516	1984	0	0	0.2064	
399	2500	0	519	1981	0	0	0.2076	
400	2500	0	519	1981	0	0	0.2076	
401	2500	0	522	1978	0	0	0.2088	
402	2500	0	522	1978	0	0	0.2088	
403	2500	0	523	1977	0	0	0.2092	
404	2500	0	525	1975	0	0	0.21	
405	2500	0	526	1974	0	0	0.2104	
406	2500	0	528	1972	0	0	0.2112	
407	2500	0	529	1971	0	0	0.2116	
408	2500	0	530	1970	0	0	0.212	
409	2500	0	530	1970	0	0	0.212	
410	2500	0	530	1970	0	0	0.212	
411	2500	0	534	1966	0	0	0.2136	
412	2500	0	539	1961	0	0	0.2156	
413	2500	0	544	1956	0	0	0.2176	
414	2500	0	546	1954	0	0	0.2184	
415	2500	0	546	1954	0	0	0.2184	
416	2500	0	546	1954	0	0	0.2184	
417	2500	0	549	1951	0	0	0.2196	
418	2500	0	549	1951	0	0	0.2196	
419	2500	0	556	1944	0	0	0.2224	
420	2500	0	557	1943	0	0	0.2228	
421	2500	0	559	1941	0	0	0.2236	
422	2500	0	560	1940	0	0	0.224	
423	2500	0	561	1939	0	0	0.2244	
424	2500	0	565	1935	0	0	0.226	
425	2500	0	570	1930	0	0	0.228	
426	2500	0	574	1926	0	0	0.2296	
427	2500	0	576	1924	0	0	0.2304	
428	2500	0	579	1921	0	0	0.2316	
429	2500	0	581	1919	0	0	0.2324	
430	2500	0	582	1918	0	0	0.2328	
431	2500	0	583	1917	0	0	0.2332	
432	2500	0	585	1915	0	0	0.234	
433	2500	0	589	1911	0	0	0.2356	
434	2500	0	591	1909	0	0	0.2364	
435	2500	0	594	1906	0	0	0.2376	
436	2500	0	598	1902	0	0	0.2392	
437	2500	0	601	1899	0	0	0.2404	
438	2500	0	603	1897	0	0	0.2412	
439	2500	0	607	1893	0	0	0.2428	
440	2500	0	609	1891	0	0	0.2436	
441	2500	0	610	1890	0	0	0.244	
442	2500	0	613	1887	0	0	0.2452	
443	2500	0	624	1876	0	0	0.2496	
444	2500	0	627	1873	0	0	0.2508	
445	2500	0	632	1868	0	0	0.2528	
446	2500	0	634	1866	0	0	0.2536	
447	2500	0	635	1865	0	0	0.254	
448	2500	0	641	1859	0	0	0.2564	
449	2500	0	644	1856	0	0	0.2576	
450	2500	0	649	1851	0	0	0.2596	
451	2500	0	655	1845	0	0	0.262	
452	2500	0	658	1842	0	0	0.2632	
453	2500	0	660	1840	0	0	0.264	
454	2500	0	660	1840	0	0	0.264	
455	2500	0	662	1838	0	0	0.2648	
456	2500	0	665	1835	0	0	0.266	
457	2500	0	667	1833	0	0	0.2668	
458	2500	0	671	1829	0	0	0.2684	
459	2500	0	674	1826	0	0	0.2696	
460	2500	0	682	1818	0	0	0.2728	
461	2500	0	685	1815	0	0	0.274	
462	2500	0	688	1812	0	0	0.2752	
463	2500	0	694	1806	0	0	0.2776	
464	2500	0	694	1806	0	0	0.2776	
465	2500	0	697	1803	0	0	0.2788	
466	2500	0	697	1803	0	0	0.2788	
467	2500	0	701	1799	0	0	0.2804	
468	2500	0	704	1796	0	0	0.2816	
469	2500	0	707	1793	0	0	0.2828	
470	2500	0	708	1792	0	0	0.2832	
471	2500	0	709	1791	0	0	0.2836	
472	2500	0	709	1791	0	0	0.2836	
473	2500	0	709	1791	0	0	0.2836	
474	2500	0	712	1788	0	0	0.2848	
475	2500	0	715	1785	0	0	0.286	
476	2500	0	716	1784	0	0	0.2864	
477	2500	0	720	1780	0	0	0.288	
478	2500	0	722	1778	0	0	0.2888	
479	2500	0	723	1777	0	0	0.2892	
480	2500	0	726	1774	0	0	0.2904	
481	2500	0	729	1771	0	0	0.2916	
482	2500	0	731	1769	0	0	0.2924	
483	2500	0	733	1767	0	0	0.2932	
484	2500	0	738	1762	0	0	0.2952	
485	2500	0	739	1761	0	0	0.2956	
486	2500	0	746	1754	0	0	0.2984	
487	2500	0	747	1753	0	0	0.2988	
488	2500	0	747	1753	0	0	0.2988	
489	2500	0	748	1752	0	0	0.2992	
490	2500	0	750	1750	0	0	0.3	
491	2500	0	752	1748	0	0	0.3008	
492	2500	0	754	1746	0	0	0.3016	
493	2500	0	756	1744	0	0	0.3024	
494	2500	0	757	1743	0	0	0.3028	
495	2500	0	758	1742	0	0	0.3032	
496	2500	0	759	1741	0	0	0.3036	
497	2500	0	759	1741	0	0	0.3036	
498	2500	0	761	1739	0	0	0.3044	
499	2500	0	762	1738	0	0	0.3048	
500	2500	0	770	1730	0	0	0.308	
501	2500	0	772	1728	0	0	0.3088	
502	2500	0	776	1724	0	0	0.3104	
503	2500	0	778	1722	0	0	0.3112	
504	2500	0	782	1718	0	0	0.3128	
505	2500	0	786	1714	0	0	0.3144	
506	2500	0	788	1712	0	0	0.3152	
507	2500	0	789	1711	0	0	0.3156	
508	2500	0	789	1711	0	0	0.3156	
509	2500	0	791	1709	0	0	0.3164	
510	2500	0	793	1707	0	0	0.3172	
511	2500	0	796	1704	0	0	0.3184	
512	2500	0	796	1704	0	0	0.3184	
513	2500	0	797	1703	0	0	0.3188	
514	2500	0	800	1700	0	0	0.32	
515	2500	0	802	1698	0	0	0.3208	
516	2500	0	805	1695	0	0	0.322	
517	2500	0	813	1687	0	0	0.3252	
518	2500	0	813	1687	0	0	0.3252	
519	2500	0	814	1686	0	0	0.3256	
520	2500	0	814	1686	0	0	0.3256	
521	2500	0	817	1683	0	0	0.3268	
522	2500	0	820	1680	0	0	0.328	
523	2500	0	822	1678	0	0	0.3288	
524	2500	0	825	1675	0	0	0.33	
525	2500	0	827	1673	0	0	0.3308	
526	2500	0	829	1671	0	0	0.3316	
527	2500	0	829	1671	0	0	0.3316	
528	2500	0	829	1671	0	0	0.3316	
529	2500	0	829	1671	0	0	0.3316	
530	2500	0	829	1671	0	0	0.3316	
531	2500	0	829	1671	0	0	0.3316	
532	2500	0	829	1671	0	0	0.3316	
533	2500	0	830	1670	0	0	0.332	
534	2500	0	832	1668	0	0	0.3328	
535	2500	0	834	1666	0	0	0.3336	
536	2500	0	834	1666	0	0	0.3336	
537	2500	0	837	1663	0	0	0.3348	
538	2500	0	837	1663	0	0	0.3348	
539	2500	0	839	1661	0	0	0.3356	
540	2500	0	841	1659	0	0	0.3364	
541	2500	0	843	1657	0	0	0.3372	
542	2500	0	848	1652	0	0	0.3392	
543	2500	0	854	1646	0	0	0.3416	
544	2500	0	857	1643	0	0	0.3428	
545	2500	0	859	1641	0	0	0.3436	
546	2500	0	862	1638	0	0	0.3448	
547	2500	0	864	1636	0	0	0.3456	
548	2500	0	866	1634	0	0	0.3464	
549	2500	0	867	1633	0	0	0.3468	
550	2500	0	867	1633	0	0	0.3468	
551	2500	0	872	1628	0	0	0.3488	
552	2500	0	875	1625	0	0	0.35	
553	2500	0	878	1622	0	0	0.3512	
554	2500	0	883	1617	0	0	0.3532	
555	2500	0	887	1613	0	0	0.3548	
556	2500	0	891	1609	0	0	0.3564	
557	2500	0	891	1609	0	0	0.3564	
558	2500	0	892	1608	0	0	0.3568	
559	2500	0	892	1608	0	0	0.3568	
560	2500	0	893	1607	0	0	0.3572	
561	2500	0	894	1606	0	0	0.3576	
562	2500	0	896	1604	0	0	0.3584	
563	2500	0	896	1604	0	0	0.3584	
564	2500	0	897	1603	0	0	0.3588	
565	2500	0	899	1601	0	0	0.3596	
566	2500	0	903	1597	0	0	0.3612	
567	2500	0	907	1593	0	0	0.3628	
568	2500	0	914	1586	0	0	0.3656	
569	2500	0	915	1585	0	0	0.366	
570	2500	0	919	1581	0	0	0.3676	
571	2500	0	921	1579	0	0	0.3684	
572	2500	0	924	1576	0	0	0.3696	
573	2500	0	925	1575	0	0	0.37	
574	2500	0	927	1573	0	0	0.3708	
575	2500	0	930	1570	0	0	0.372	
576	2500	0	930	1570	0	0	0.372	
577	2500	0	930	1570	0	0	0.372	
578	2500	0	931	1569	0	0	0.3724	
579	2500	0	933	1567	0	0	0.3732	
580	2500	0	934	1566	0	0	0.3736	
581	2500	0	936	1564	0	0	0.3744	
582	2500	0	939	1561	0	0	0.3756	
583	2500	0	941	1559	0	0	0.3764	
584	2500	0	941	1559	0	0	0.3764	
585	2500	0	944	1556	0	0	0.3776	
586	2500	0	951	1549	0	0	0.3804	
587	2500	0	954	1546	0	0	0.3816	
588	2500	0	960	1540	0	0	0.384	
589	2500	0	969	1531	0	0	0.3876	
590	2500	0	972	1528	0	0	0.3888	
591	2500	0	975	1525	0	0	0.39	
592	2500	0	978	1522	0	0	0.3912	
593	2500	0	979	1521	0	0	0.3916	
594	2500	0	980	1520	0	0	0.392	
595	2500	0	980	1520	0	0	0.392	
596	2500	0	983	1517	0	0	0.3932	
597	2500	0	984	1516	0	0	0.3936	
598	2500	0	988	1512	0	0	0.3952	
599	2500	0	992	1508	0	0	0.3968	
600	2500	0	995	1505	0	0	0.398	
601	2500	0	1002	1498	0	0	0.4008	
602	2500	0	1003	1497	0	0	0.4012	
603	2500	0	1007	1493	0	0	0.4028	
604	2500	0	1009	1491	0	0	0.4036	
605	2500	0	1009	1491	0	0	0.4036	
606	2500	0	1010	1490	0	0	0.404	
607	2500	0	1012	1488	0	0	0.4048	
608	2500	0	1014	1486	0	0	0.4056	
609	2500	0	1017	1483	0	0	0.4068	
610	2500	0	1019	1481	0	0	0.4076	
611	2500	0	1023	1477	0	0	0.4092	
612	2500	0	1027	1473	0	0	0.4108	
613	2500	0	1027	1473	0	0	0.4108	
614	2500	0	1030	1470	0	0	0.412	
615	2500	0	1030	1470	0	0	0.412	
616	2500	0	1032	1468	0	0	0.4128	
617	2500	0	1033	1467	0	0	0.4132	
618	2500	0	1040	1460	0	0	0.416	
619	2500	0	1045	1455	0	0	0.418	
620	2500	0	1052	1448	0	0	0.4208	
621	2500	0	1054	1446	0	0	0.4216	
622	2500	0	1055	1445	0	0	0.422	
623	2500	0	1059	1441	0	0	0.4236	
624	2500	0	1065	1435	0	0	0.426	
625	2500	0	1069	1431	0	0	0.4276	
626	2500	0	1071	1429	0	0	0.4284	
627	2500	0	1074	1426	0	0	0.4296	
628	2500	0	1077	1423	0	0	0.4308	
629	2500	0	1082	1418	0	0	0.4328	
630	2500	0	1086	1414	0	0	0.4344	
631	2500	0	1089	1411	0	0	0.4356	
632	2500	0	1093	1407	0	0	0.4372	
633	2500	0	1096	1404	0	0	0.4384	
634	2500	0	1098	1402	0	0	0.4392	
635	2500	0	1100	1400	0	0	0.44	
636	2500	0	1107	1393	0	0	0.4428	
637	2500	0	1107	1393	0	0	0.4428	
638	2500	0	1110	1390	0	0	0.444	
639	2500	0	1112	1388	0	0	0.4448	
640	2500	0	1113	1387	0	0	0.4452	
641	2500	0	1116	1384	0	0	0.4464	
642	2500	0	1117	1383	0	0	0.4468	
643	2500	0	1122	1378	0	0	0.4488	
644	2500	0	1126	1374	0	0	0.4504	
645	2500	0	1130	1370	0	0	0.452	
646	2500	0	1133	1367	0	0	0.4532	
647	2500	0	1136	1364	0	0	0.4544	
648	2500	0	1142	1358	0	0	0.4568	
649	2500	0	1143	1357	0	0	0.4572	
650	2500	0	1144	1356	0	0	0.4576	
651	2500	0	1146	1354	0	0	0.4584	
652	2500	0	1147	1353	0	0	0.4588	
653	2500	0	1148	1352	0	0	0.4592	
654	2500	0	1152	1348	0	0	0.4608	
655	2500	0	1155	1345	0	0	0.462	
656	2500	0	1156	1344	0	0	0.4624	
657	2500	0	1156	1344	0	0	0.4624	
658	2500	0	1163	1337	0	0	0.4652	
659	2500	0	1165	1335	0	0	0.466	
660	2500	0	1167	1333	0	0	0.4668	
661	2500	0	1173	1327	0	0	0.4692	
662	2500	0	1173	1327	0	0	0.4692	
663	2500	0	1174	1326	0	0	0.4696	
664	2500	0	1178	1322	0	0	0.4712	
665	2500	0	1188	1312	0	0	0.4752	
666	2500	0	1188	1312	0	0	0.4752	
667	2500	0	1192	1308	0	0	0.4768	
668	2500	0	1194	1306	0	0	0.4776	
669	2500	0	1199	1301	0	0	0.4796	
670	2500	0	1203	1297	0	0	0.4812	
671	2500	0	1207	1293	0	0	0.4828	
672	2500	0	1208	1292	0	0	0.4832	
673	2500	0	1211	1289	0	0	0.4844	
674	2500	0	1213	1287	0	0	0.4852	
675	2500	0	1219	1281	0	0	0.4876	
676	2500	0	1221	1279	0	0	0.4884	
677	2500	0	1222	1278	0	0	0.4888	
678	2500	0	1223	1277	0	0	0.4892	
679	2500	0	1228	1272	0	0	0.4912	
680	2500	0	1229	1271	0	0	0.4916	
681	2500	0	1233	1267	0	0	0.4932	
682	2500	0	1235	1265	0	0	0.494	
683	2500	0	1235	1265	0	0	0.494	
684	2500	0	1237	1263	0	0	0.4948	
685	2500	0	1239	1261	0	0	0.4956	
686	2500	0	1240	1260	0	0	0.496	
687	2500	0	1240	1260	0	0	0.496	
688	2500	0	1242	1258	0	0	0.4968	
689	2500	0	1250	1250	0	0	0.5	
690	2500	0	1256	1244	0	0	0.5024	
691	2500	0	1260	1240	0	0	0.504	
692	2500	0	1263	1237	0	0	0.5052	
693	2500	0	1269	1231	0	0	0.5076	
694	2500	0	1270	1230	0	0	0.508	
695	2500	0	1272	1228	0	0	0.5088	
696	2500	0	1272	1228	0	0	0.5088	
697	2500	0	1273	1227	0	0	0.5092	
698	2500	0	1273	1227	0	0	0.5092	
699	2500	0	1273	1227	0	0	0.5092	
700	2500	0	1273	1227	0	0	0.5092	
701	2500	0	1273	1227	0	0	0.5092	
702	2500	0	1275	1225	0	0	0.51	
703	2500	0	1275	1225	0	0	0.51	
704	2500	0	1278	1222	0	0	0.5112	
705	2500	0	1280	1220	0	0	0.512	
706	2500	0	1280	1220	0	0	0.512	
707	2500	0	1282	1218	0	0	0.5128	
708	2500	0	1282	1218	0	0	0.5128	
709	2500	0	1283	1217	0	0	0.5132	
710	2500	0	1286	1214	0	0	0.5144	
711	2500	0	1294	1206	0	0	0.5176	
712	2500	0	1297	1203	0	0	0.5188	
713	2500	0	1297	1203	0	0	0.5188	
714	2500	0	1302	1198	0	0	0.5208	
715	2500	0	1302	1198	0	0	0.5208	
716	2500	0	1303	1197	0	0	0.5212	
717	2500	0	1307	1193	0	0	0.5228	
718	2500	0	1308	1192	0	0	0.5232	
719	2500	0	1309	1191	0	0	0.5236	
720	2500	0	1309	1191	0	0	0.5236	
721	2500	0	1310	1190	0	0	0.524	
722	2500	0	1314	1186	0	0	0.5256	
723	2500	0	1318	1182	0	0	0.5272	
724	2500	0	1319	1181	0	0	0.5276	
725	2500	0	1325	1175	0	0	0.53	
726	2500	0	1325	1175	0	0	0.53	
727	2500	0	1332	1168	0	0	0.5328	
728	2500	0	1333	1167	0	0	0.5332	
729	2500	0	1341	1159	0	0	0.5364	
730	2500	0	1347	1153	0	0	0.5388	
731	2500	0	1349	1151	0	0	0.5396	
732	2500	0	1350	1150	0	0	0.54	
733	2500	0	1354	1146	0	0	0.5416	
734	2500	0	1355	1145	0	0	0.542	
735	2500	0	1361	1139	0	0	0.5444	
736	2500	0	1364	1136	0	0	0.5456	
737	2500	0	1365	1135	0	0	0.546	
738	2500	0	1367	1133	0	0	0.5468	
739	2500	0	1367	1133	0	0	0.5468	
740	2500	0	1367	1133	0	0	0.5468	
741	2500	0	1368	1132	0	0	0.5472	
742	2500	0	1370	1130	0	0	0.548	
743	2500	0	1376	1124	0	0	0.5504	
744	2500	0	1380	1120	0	0	0.552	
745	2500	0	1383	1117	0	0	0.5532	
746	2500	0	1387	1113	0	0	0.5548	
747	2500	0	1390	1110	0	0	0.556	
748	2500	0	1395	1105	0	0	0.558	
749	2500	0	1399	1101	0	0	0.5596	
750	2500	0	1404	1096	0	0	0.5616	
751	2500	0	1407	1093	0	0	0.5628	
752	2500	0	1410	1090	0	0	0.564	
753	2500	0	1413	1087	0	0	0.5652	
754	2500	0	1419	1081	0	0	0.5676	
755	2500	0	1419	1081	0	0	0.5676	
756	2500	0	1422	1078	0	0	0.5688	
757	2500	0	1423	1077	0	0	0.5692	
758	2500	0	1424	1076	0	0	0.5696	
759	2500	0	1426	1074	0	0	0.5704	
760	2500	0	1432	1068	0	0	0.5728	
761	2500	0	1437	1063	0	0	0.5748	
762	2500	0	1438	1062	0	0	0.5752	
763	2500	0	1447	1053	0	0	0.5788	
764	2500	0	1447	1053	0	0	0.5788	
765	2500	0	1454	1046	0	0	0.5816	
766	2500	0	1458	1042	0	0	0.5832	
767	2500	0	1462	1038	0	0	0.5848	
768	2500	0	1463	1037	0	0	0.5852	
769	2500	0	1466	1034	0	0	0.5864	
770	2500	0	1473	1027	0	0	0.5892	
771	2500	0	1474	1026	0	0	0.5896	
772	2500	0	1480	1020	0	0	0.592	
773	2500	0	1481	1019	0	0	0.5924	
774	2500	0	1486	1014	0	0	0.5944	
775	2500	0	1488	1012	0	0	0.5952	
776	2500	0	1490	1010	0	0	0.596	
777	2500	0	1492	1008	0	0	0.5968	
778	2500	0	1493	1007	0	0	0.5972	
779	2500	0	1497	1003	0	0	0.5988	
780	2500	0	1498	1002	0	0	0.5992	
781	2500	0	1501	999	0	0	0.6004	
782	2500	0	1504	996	0	0	0.6016	
783	2500	0	1509	991	0	0	0.6036	
784	2500	0	1510	990	0	0	0.604	
785	2500	0	1510	990	0	0	0.604	
786	2500	0	1513	987	0	0	0.6052	
787	2500	0	1518	982	0	0	0.6072	
788	2500	0	1519	981	0	0	0.6076	
789	2500	0	1520	980	0	0	0.608	
790	2500	0	1522	978	0	0	0.6088	
791	2500	0	1525	975	0	0	0.61	
792	2500	0	1526	974	0	0	0.6104	
793	2500	0	1529	971	0	0	0.6116	
794	2500	0	1532	968	0	0	0.6128	
795	2500	0	1535	965	0	0	0.614	
796	2500	0	1538	962	0	0	0.6152	
797	2500	0	1541	959	0	0	0.6164	
798	2500	0	1544	956	0	0	0.6176	
799	2500	0	1545	955	0	0	0.618	
800	2500	0	1547	953	0	0	0.6188	
801	2500	0	1549	951	0	0	0.6196	
802	2500	0	1552	948	0	0	0.6208	
803	2500	0	1555	945	0	0	0.622	
804	2500	0	1557	943	0	0	0.6228	
805	2500	0	1558	942	0	0	0.6232	
806	2500	0	1566	934	0	0	0.6264	
807	2500	0	1572	928	0	0	0.6288	
808	2500	0	1575	925	0	0	0.63	
809	2500	0	1580	920	0	0	0.632	
810	2500	0	1586	914	0	0	0.6344	
811	2500	0	1590	910	0	0	0.636	
812	2500	0	1592	908	0	0	0.6368	
813	2500	0	1593	907	0	0	0.6372	
814	2500	0	1596	904	0	0	0.6384	
815	2500	0	1597	903	0	0	0.6388	
816	2500	0	1598	902	0	0	0.6392	
817	2500	0	1601	899	0	0	0.6404	
818	2500	0	1602	898	0	0	0.6408	
819	2500	0	1606	894	0	0	0.6424	
820	2500	0	1609	891	0	0	0.6436	
821	2500	0	1610	890	0	0	0.644	
822	2500	0	1614	886	0	0	0.6456	
823	2500	0	1618	882	0	0	0.6472	
824	2500	0	1618	882	0	0	0.6472	
825	2500	0	1619	881	0	0	0.6476	
826	2500	0	1623	877	0	0	0.6492	
827	2500	0	1625	875	0	0	0.65	
828	2500	0	1630	870	0	0	0.652	
829	2500	0	1634	866	0	0	0.6536	
830	2500	0	1634	866	0	0	0.6536	
831	2500	0	1638	862	0	0	0.6552	
832	2500	0	1639	861	0	0	0.6556	
833	2500	0	1644	856	0	0	0.6576	
834	2500	0	1651	849	0	0	0.6604	
835	2500	0	1656	844	0	0	0.6624	
836	2500	0	1658	842	0	0	0.6632	
837	2500	0	1661	839	0	0	0.6644	
838	2500	0	1665	835	0	0	0.666	
839	2500	0	1671	829	0	0	0.6684	
840	2500	0	1676	824	0	0	0.6704	
841	2500	0	1681	819	0	0	0.6724	
842	2500	0	1688	812	0	0	0.6752	
843	2500	0	1692	808	0	0	0.6768	
844	2500	0	1694	806	0	0	0.6776	
845	2500	0	1699	801	0	0	0.6796	
846	2500	0	1705	795	0	0	0.682	
847	2500	0	1707	793	0	0	0.6828	
848	2500	0	1709	791	0	0	0.6836	
849	2500	0	1715	785	0	0	0.686	
850	2500	0	1719	781	0	0	0.6876	
851	2500	0	1722	778	0	0	0.6888	
852	2500	0	1726	774	0	0	0.6904	
853	2500	0	1727	773	0	0	0.6908	
854	2500	0	1728	772	0	0	0.6912	
855	2500	0	1730	770	0	0	0.692	
856	2500	0	1733	767	0	0	0.6932	
857	2500	0	1733	767	0	0	0.6932	
858	2500	0	1735	765	0	0	0.694	
859	2500	0	1739	761	0	0	0.6956	
860	2500	0	1746	754	0	0	0.6984	
861	2500	0	1750	750	0	0	0.7	
862	2500	0	1755	745	0	0	0.702	
863	2500	0	1760	740	0	0	0.704	
864	2500	0	1765	735	0	0	0.706	
865	2500	0	1771	729	0	0	0.7084	
866	2500	0	1772	728	0	0	0.7088	
867	2500	0	1776	724	0	0	0.7104	
868	2500	0	1780	720	0	0	0.712	
869	2500	0	1786	714	0	0	0.7144	
870	2500	0	1796	704	0	0	0.7184	
871	2500	0	1801	699	0	0	0.7204	
872	2500	0	1805	695	0	0	0.722	
873	2500	0	1808	692	0	0	0.7232	
874	2500	0	1810	690	0	0	0.724	
875	2500	0	1815	685	0	0	0.726	
876	2500	0	1817	683	0	0	0.7268	
877	2500	0	1820	680	0	0	0.728	
878	2500	0	1827	673	0	0	0.7308	
879	2500	0	1835	665	0	0	0.734	
880	2500	0	1836	664	0	0	0.7344	
881	2500	0	1839	661	0	0	0.7356	
882	2500	0	1842	658	0	0	0.7368	
883	2500	0	1844	656	0	0	0.7376	
884	2500	0	1851	649	0	0	0.7404	
885	2500	0	1855	645	0	0	0.742	
886	2500	0	1859	641	0	0	0.7436	
887	2500	0	1862	638	0	0	0.7448	
888	2500	0	1871	629	0	0	0.7484	
889	2500	0	1874	626	0	0	0.7496	
890	2500	0	1880	620	0	0	0.752	
891	2500	0	1883	617	0	0	0.7532	
892	2500	0	1884	616	0	0	0.7536	
893	2500	0	1888	612	0	0	0.7552	
894	2500	0	1892	608	0	0	0.7568	
895	2500	0	1896	604	0	0	0.7584	
896	2500	0	1907	593	0	0	0.7628	
897	2500	0	1912	588	0	0	0.7648	
898	2500	0	1913	587	0	0	0.7652	
899	2500	0	1916	584	0	0	0.7664	
900	2500	0	1916	584	0	0	0.7664	
901	2500	0	1920	580	0	0	0.768	
902	2500	0	1925	575	0	0	0.77	
903	2500	0	1929	571	0	0	0.7716	
904	2500	0	1931	569	0	0	0.7724	
905	2500	0	1939	561	0	0	0.7756	
906	2500	0	1942	558	0	0	0.7768	
907	2500	0	1943	557	0	0	0.7772	
908	2500	0	1945	555	0	0	0.778	
909	2500	0	1947	553	0	0	0.7788	
910	2500	0	1952	548	0	0	0.7808	
911	2500	0	1956	544	0	0	0.7824	
912	2500	0	1959	541	0	0	0.7836	
913	2500	0	1964	536	0	0	0.7856	
914	2500	0	1969	531	0	0	0.7876	
915	2500	0	1977	523	0	0	0.7908	
916	2500	0	1982	518	0	0	0.7928	
917	2500	0	1986	514	0	0	0.7944	
918	2500	0	1990	510	0	0	0.796	
919	2500	0	1995	505	0	0	0.798	
920	2500	0	2001	499	0	0	0.8004	
921	2500	0	2002	498	0	0	0.8008	
922	2500	0	2006	494	0	0	0.8024	
923	2500	0	2008	492	0	0	0.8032	
924	2500	0	2008	492	0	0	0.8032	
925	2500	0	2010	490	0	0	0.804	
926	2500	0	2013	487	0	0	0.8052	
927	2500	0	2013	487	0	0	0.8052	
928	2500	0	2014	486	0	0	0.8056	
929	2500	0	2017	483	0	0	0.8068	
930	2500	0	2018	482	0	0	0.8072	
931	2500	0	2022	478	0	0	0.8088	
932	2500	0	2027	473	0	0	0.8108	
933	2500	0	2028	472	0	0	0.8112	
934	2500	0	2031	469	0	0	0.8124	
935	2500	0	2038	462	0	0	0.8152	
936	2500	0	2043	457	0	0	0.8172	
937	2500	0	2048	452	0	0	0.8192	
938	2500	0	2050	450	0	0	0.82	
939	2500	0	2054	446	0	0	0.8216	
940	2500	0	2060	440	0	0	0.824	
941	2500	0	2061	439	0	0	0.8244	
942	2500	0	2065	435	0	0	0.826	
943	2500	0	2066	434	0	0	0.8264	
944	2500	0	2071	429	0	0	0.8284	
945	2500	0	2075	425	0	0	0.83	
946	2500	0	2077	423	0	0	0.8308	
947	2500	0	2082	418	0	0	0.8328	
948	2500	0	2082	418	0	0	0.8328	
949	2500	0	2084	416	0	0	0.8336	
950	2500	0	2090	410	0	0	0.836	
951	2500	0	2098	402	0	0	0.8392	
952	2500	0	2099	401	0	0	0.8396	
953	2500	0	2100	400	0	0	0.84	
954	2500	0	2101	399	0	0	0.8404	
955	2500	0	2102	398	0	0	0.8408	
956	2500	0	2104	396	0	0	0.8416	
957	2500	0	2104	396	0	0	0.8416	
958	2500	0	2105	395	0	0	0.842	
959	2500	0	2107	393	0	0	0.8428	
960	2500	0	2109	391	0	0	0.8436	
961	2500	0	2110	390	0	0	0.844	
962	2500	0	2115	385	0	0	0.846	
963	2500	0	2119	381	0	0	0.8476	
964	2500	0	2125	375	0	0	0.85	
965	2500	0	2127	373	0	0	0.8508	
966	2500	0	2128	372	0	0	0.8512	
967	2500	0	2133	367	0	0	0.8532	
968	2500	0	2136	364	0	0	0.8544	
969	2500	0	2136	364	0	0	0.8544	
970	2500	0	2136	364	0	0	0.8544	
971	2500	0	2142	358	0	0	0.8568	
972	2500	0	2144	356	0	0	0.8576	
973	2500	0	2145	355	0	0	0.858	
974	2500	0	2146	354	0	0	0.8584	
975	2500	0	2147	353	0	0	0.8588	
976	2500	0	2148	352	0	0	0.8592	
977	2500	0	2149	351	0	0	0.8596	
978	2500	0	2149	351	0	0	0.8596	
979	2500	0	2149	351	0	0	0.8596	
980	2500	0	2152	348	0	0	0.8608	
981	2500	0	2153	347	0	0	0.8612	
982	2500	0	2155	345	0	0	0.862	
983	2500	0	2156	344	0	0	0.8624	
984	2500	0	2156	344	0	0	0.8624	
985	2500	0	2162	338	0	0	0.8648	
986	2500	0	2163	337	0	0	0.8652	
987	2500	0	2166	334	0	0	0.8664	
988	2500	0	2168	332	0	0	0.8672	
989	2500	0	2170	330	0	0	0.868	
990	2500	0	2172	328	0	0	0.8688	
991	2500	0	2172	328	0	0	0.8688	
992	2500	0	2174	326	0	0	0.8696	
993	2500	0	2174	326	0	0	0.8696	
994	2500	0	2174	326	0	0	0.8696	
995	2500	0	2176	324	0	0	0.8704	
996	2500	0	2180	320	0	0	0.872	
997	2500	0	2183	317	0	0	0.8732	
998	2500	0	2183	317	0	0	0.8732	
999	2500	0	2185	315	0	0	0.874	
1000	2500	0	2186	314	0	0	0.8744	
1001	2500	0	2188	312	0	0	0.8752	
1002	2500	0	2190	310	0	0	0.876	
1003	2500	0	2193	307	0	0	0.8772	
1004	2500	0	2196	304	0	0	0.8784	
1005	2500	0	2205	295	0	0	0.882	
1006	2500	0	2207	293	0	0	0.8828	
1007	2500	0	2208	292	0	0	0.8832	
1008	2500	0	2213	287	0	0	0.8852	
1009	2500	0	2213	287	0	0	0.8852	
1010	2500	0	2214	286	0	0	0.8856	
1011	2500	0	2215	285	0	0	0.886	
1012	2500	0	2216	284	0	0	0.8864	
1013	2500	0	2217	283	0	0	0.8868	
1014	2500	0	2219	281	0	0	0.8876	
1015	2500	0	2224	276	0	0	0.8896	
1016	2500	0	2225	275	0	0	0.89	
1017	2500	0	2226	274	0	0	0.8904	
1018	2500	0	2228	272	0	0	0.8912	
1019	2500	0	2228	272	0	0	0.8912	
1020	2500	0	2228	272	0	0	0.8912	
1021	2500	0	2229	271	0	0	0.8916	
1022	2500	0	2230	270	0	0	0.892	
1023	2500	0	2234	266	0	0	0.8936	
1024	2500	0	2235	265	0	0	0.894	
1025	2500	0	2237	263	0	0	0.8948	
1026	2500	0	2238	262	0	0	0.8952	
1027	2500	0	2239	261	0	0	0.8956	
1028	2500	0	2242	258	0	0	0.8968	
1029	2500	0	2245	255	0	0	0.898	
1030	2500	0	2245	255	0	0	0.898	
1031	2500	0	2246	254	0	0	0.8984	
1032	2500	0	2248	252	0	0	0.8992	
1033	2500	0	2249	251	0	0	0.8996	
1034	2500	0	2249	251	0	0	0.8996	
1035	2500	0	2251	249	0	0	0.9004	
1036	2500	0	2253	247	0	0	0.9012	
1037	2500	0	2255	245	0	0	0.902	
1038	2500	0	2257	243	0	0	0.9028	
1039	2500	0	2258	242	0	0	0.9032	
1040	2500	0	2259	241	0	0	0.9036	
1041	2500	0	2259	241	0	0	0.9036	
1042	2500	0	2261	239	0	0	0.9044	
1043	2500	0	2261	239	0	0	0.9044	
1044	2500	0	2262	238	0	0	0.9048	
1045	2500	0	2263	237	0	0	0.9052	
1046	2500	0	2264	236	0	0	0.9056	
1047	2500	0	2266	234	0	0	0.9064	
1048	2500	0	2267	233	0	0	0.9068	
1049	2500	0	2268	232	0	0	0.9072	
1050	2500	0	2270	230	0	0	0.908	
1051	2500	0	2270	230	0	0	0.908	
1052	2500	0	2272	228	0	0	0.9088	
1053	2500	0	2272	228	0	0	0.9088	
1054	2500	0	2272	228	0	0	0.9088	
1055	2500	0	2273	227	0	0	0.9092	
1056	2500	0	2274	226	0	0	0.9096	
1057	2500	0	2275	225	0	0	0.91	
1058	2500	0	2276	224	0	0	0.9104	
1059	2500	0	2276	224	0	0	0.9104	
1060	2500	0	2277	223	0	0	0.9108	
1061	2500	0	2277	223	0	0	0.9108	
1062	2500	0	2277	223	0	0	0.9108	
1063	2500	0	2278	222	0	0	0.9112	
1064	2500	0	2280	220	0	0	0.912	
1065	2500	0	2280	220	0	0	0.912	
1066	2500	0	2280	220	0	0	0.912	
1067	2500	0	2280	220	0	0	0.912	
1068	2500	0	2280	220	0	0	0.912	
1069	2500	0	2280	220	0	0	0.912	
1070	2500	0	2280	220	0	0	0.912	
1071	2500	0	2282	218	0	0	0.9128	
1072	2500	0	2282	218	0	0	0.9128	
1073	2500	0	2282	218	0	0	0.9128	
1074	2500	0	2282	218	0	0	0.9128	
1075	2500	0	2282	218	0	0	0.9128	
1076	2500	0	2282	218	0	0	0.9128	
1077	2500	0	2282	218	0	0	0.9128	
1078	2500	0	2283	217	0	0	0.9132	
1079	2500	0	2283	217	0	0	0.9132	
1080	2500	0	2284	216	0	0	0.9136	
1081	2500	0	2284	216	0	0	0.9136	
1082	2500	0	2287	213	0	0	0.9148	
1083	2500	0	2288	212	0	0	0.9152	
1084	2500	0	2292	208	0	0	0.9168	
1085	2500	0	2292	208	0	0	0.9168	
1086	2500	0	2294	206	0	0	0.9176	
1087	2500	0	2297	203	0	0	0.9188	
1088	2500	0	2298	202	0	0	0.9192	
1089	2500	0	2299	201	0	0	0.9196	
1090	2500	0	2300	200	0	0	0.92	
1091	2500	0	2300	200	0	0	0.92	
1092	2500	0	2300	200	0	0	0.92	
1093	2500	0	2300	200	0	0	0.92	
1094	2500	0	2302	198	0	0	0.9208	
1095	2500	0	2302	198	0	0	0.9208	
1096	2500	0	2302	198	0	0	0.9208	
1097	2500	0	2302	198	0	0	0.9208	
1098	2500	0	2302	198	0	0	0.9208	
1099	2500	0	2304	196	0	0	0.9216	
1100	2500	0	2305	195	0	0	0.922	
1101	2500	0	2305	195	0	0	0.922	
1102	2500	0	2305	195	0	0	0.922	
1103	2500	0	2306	194	0	0	0.9224	
1104	2500	0	2306	194	0	0	0.9224	
1105	2500	0	2308	192	0	0	0.9232	
1106	2500	0	2308	192	0	0	0.9232	
1107	2500	0	2309	191	0	0	0.9236	
1108	2500	0	2309	191	0	0	0.9236	
1109	2500	0	2309	191	0	0	0.9236	
1110	2500	0	2310	190	0	0	0.924	
1111	2500	0	2311	189	0	0	0.9244	
1112	2500	0	2311	189	0	0	0.9244	
1113	2500	0	2313	187	0	0	0.9252	
1114	2500	0	2314	186	0	0	0.9256	
1115	2500	0	2314	186	0	0	0.9256	
1116	2500	0	2317	183	0	0	0.9268	
1117	2500	0	2317	183	0	0	0.9268	
1118	2500	0	2319	181	0	0	0.9276	
1119	2500	0	2319	181	0	0	0.9276	
1120	2500	0	2320	180	0	0	0.928	
1121	2500	0	2320	180	0	0	0.928	
1122	2500	0	2321	179	0	0	0.9284	
1123	2500	0	2321	179	0	0	0.9284	
1124	2500	0	2323	177	0	0	0.9292	
1125	2500	0	2323	177	0	0	0.9292	
1126	2500	0	2323	177	0	0	0.9292	
1127	2500	0	2326	174	0	0	0.9304	
1128	2500	0	2328	172	0	0	0.9312	
1129	2500	0	2331	169	0	0	0.9324	
1130	2500	0	2331	169	0	0	0.9324	
1131	2500	0	2331	169	0	0	0.9324	
1132	2500	0	2332	168	0	0	0.9328	
1133	2500	0	2332	168	0	0	0.9328	
1134	2500	0	2333	167	0	0	0.9332	
1135	2500	0	2335	165	0	0	0.934	
1136	2500	0	2336	164	0	0	0.9344	
1137	2500	0	2338	162	0	0	0.9352	
1138	2500	0	2339	161	0	0	0.9356	
1139	2500	0	2340	160	0	0	0.936	
1140	2500	0	2342	158	0	0	0.9368	
1141	2500	0	2343	157	0	0	0.9372	
1142	2500	0	2344	156	0	0	0.9376	
1143	2500	0	2345	155	0	0	0.938	
1144	2500	0	2345	155	0	0	0.938	
1145	2500	0	2345	155	0	0	0.938	
1146	2500	0	2345	155	0	0	0.938	
1147	2500	0	2346	154	0	0	0.9384	
1148	2500	0	2346	154	0	0	0.9384	
1149	2500	0	2346	154	0	0	0.9384	
1150	2500	0	2346	154	0	0	0.9384	
1151	2500	0	2346	154	0	0	0.9384	
1152	2500	0	2346	154	0	0	0.9384	
1153	2500	0	2347	153	0	0	0.9388	
1154	2500	0	2348	152	0	0	0.9392	
1155	2500	0	2349	151	0	0	0.9396	
1156	2500	0	2349	151	0	0	0.9396	
1157	2500	0	2351	149	0	0	0.9404	
1158	2500	0	2351	149	0	0	0.9404	
1159	2500	0	2351	149	0	0	0.9404	
1160	2500	0	2352	148	0	0	0.9408	
1161	2500	0	2353	147	0	0	0.9412	
1162	2500	0	2353	147	0	0	0.9412	
1163	2500	0	2353	147	0	0	0.9412	
1164	2500	0	2353	147	0	0	0.9412	
1165	2500	0	2354	146	0	0	0.9416	
1166	2500	0	2355	145	0	0	0.942	
1167	2500	0	2355	145	0	0	0.942	
1168	2500	0	2355	145	0	0	0.942	
1169	2500	0	2356	144	0	0	0.9424	
1170	2500	0	2356	144	0	0	0.9424	
1171	2500	0	2356	144	0	0	0.9424	
1172	2500	0	2357	143	0	0	0.9428	
1173	2500	0	2357	143	0	0	0.9428	
1174	2500	0	2357	143	0	0	0.9428	
1175	2500	0	2357	143	0	0	0.9428	
1176	2500	0	2357	143	0	0	0.9428	
1177	2500	0	2357	143	0	0	0.9428	
1178	2500	0	2357	143	0	0	0.9428	
1179	2500	0	2358	142	0	0	0.9432	
1180	2500	0	2358	142	0	0	0.9432	
1181	2500	0	2359	141	0	0	0.9436	
1182	2500	0	2360	140	0	0	0.944	
1183	2500	0	2360	140	0	0	0.944	
1184	2500	0	2360	140	0	0	0.944	
1185	2500	0	2360	140	0	0	0.944	
1186	2500	0	2360	140	0	0	0.944	
1187	2500	0	2361	139	0	0	0.9444	
1188	2500	0	2364	136	0	0	0.9456	
1189	2500	0	2364	136	0	0	0.9456	
1190	2500	0	2364	136	0	0	0.9456	
1191	2500	0	2364	136	0	0	0.9456	
1192	2500	0	2364	136	0	0	0.9456	
1193	2500	0	2364	136	0	0	0.9456	
1194	2500	0	2364	136	0	0	0.9456	
1195	2500	0	2364	136	0	0	0.9456	
1196	2500	0	2364	136	0	0	0.9456	
1197	2500	0	2364	136	0	0	0.9456	
1198	2500	0	2364	136	0	0	0.9456	
1199	2500	0	2364	136	0	0	0.9456	
1200	2500	0	2364	136	0	0	0.9456	
1201	2500	0	2364	136	0	0	0.9456	
1202	2500	0	2364	136	0	0	0.9456	
1203	2500	0	2364	136	0	0	0.9456	
1204	2500	0	2364	136	0	0	0.9456	
1205	2500	0	2364	136	0	0	0.9456	
1206	2500	0	2364	136	0	0	0.9456	
1207	2500	0	2366	134	0	0	0.9464	
1208	2500	0	2366	134	0	0	0.9464	
1209	2500	0	2367	133	0	0	0.9468	
1210	2500	0	2367	133	0	0	0.9468	
1211	2500	0	2367	133	0	0	0.9468	
1212	2500	0	2367	133	0	0	0.9468	
1213	2500	0	2367	133	0	0	0.9468	
1214	2500	0	2367	133	0	0	0.9468	
1215	2500	0	2367	133	0	0	0.9468	
1216	2500	0	2367	133	0	0	0.9468	
1217	2500	0	2367	133	0	0	0.9468	
1218	2500	0	2367	133	0	0	0.9468	
1219	2500	0	2367	133	0	0	0.9468	
1220	2500	0	2367	133	0	0	0.9468	
1221	2500	0	2367	133	0	0	0.9468	
1222	2500	0	2367	133	0	0	0.9468	
1223	2500	0	2368	132	0	0	0.9472	
1224	2500	0	2369	131	0	0	0.9476	
1225	2500	0	2369	131	0	0	0.9476	
1226	2500	0	2369	131	0	0	0.9476	
1227	2500	0	2370	130	0	0	0.948	
1228	2500	0	2371	129	0	0	0.9484	
1229	2500	0	2373	127	0	0	0.9492	
1230	2500	0	2374	126	0	0	0.9496	
1231	2500	0	2374	126	0	0	0.9496	
1232	2500	0	2374	126	0	0	0.9496	
1233	2500	0	2374	126	0	0	0.9496	
1234	2500	0	2374	126	0	0	0.9496	
1235	2500	0	2374	126	0	0	0.9496	
1236	2500	0	2375	125	0	0	0.95	
1237	2500	0	2375	125	0	0	0.95	
1238	2500	0	2375	125	0	0	0.95	
1239	2500	0	2375	125	0	0	0.95	
1240	2500	0	2375	125	0	0	0.95	
1241	2500	0	2375	125	0	0	0.95	
1242	2500	0	2376	124	0	0	0.9504	
1243	2500	0	2376	124	0	0	0.9504	
1244	2500	0	2376	124	0	0	0.9504	
1245	2500	0	2377	123	0	0	0.9508	
1246	2500	0	2377	123	0	0	0.9508	
1247	2500	0	2377	123	0	0	0.9508	
1248	2500	0	2377	123	0	0	0.9508	
1249	2500	0	2377	123	0	0	0.9508	
1250	2500	0	2377	123	0	0	0.9508	
1251	2500	0	2377	123	0	0	0.9508	
1252	2500	0	2377	123	0	0	0.9508	
1253	2500	0	2377	123	0	0	0.9508	
1254	2500	0	2377	123	0	0	0.9508	
1255	2500	0	2380	120	0	0	0.952	
1256	2500	0	2381	119	0	0	0.9524	
1257	2500	0	2383	117	0	0	0.9532	
1258	2500	0	2383	117	0	0	0.9532	
1259	2500	0	2384	116	0	0	0.9536	
1260	2500	0	2386	114	0	0	0.9544	
1261	2500	0	2386	114	0	0	0.9544	
1262	2500	0	2386	114	0	0	0.9544	
1263	2500	0	2388	112	0	0	0.9552	
1264	2500	0	2388	112	0	0	0.9552	
1265	2500	0	2388	112	0	0	0.9552	
1266	2500	0	2388	112	0	0	0.9552	
1267	2500	0	2389	111	0	0	0.9556	
1268	2500	0	2389	111	0	0	0.9556	
1269	2500	0	2389	111	0	0	0.9556	
1270	2500	0	2390	110	0	0	0.956	
1271	2500	0	2390	110	0	0	0.956	
1272	2500	0	2393	107	0	0	0.9572	
1273	2500	0	2394	106	0	0	0.9576	
1274	2500	0	2395	105	0	0	0.958	
1275	2500	0	2395	105	0	0	0.958	
1276	2500	0	2396	104	0	0	0.9584	
1277	2500	0	2396	104	0	0	0.9584	
1278	2500	0	2397	103	0	0	0.9588	
1279	2500	0	2398	102	0	0	0.9592	
1280	2500	0	2399	101	0	0	0.9596	
1281	2500	0	2399	101	0	0	0.9596	
1282	2500	0	2399	101	0	0	0.9596	
1283	2500	0	2399	101	0	0	0.9596	
1284	2500	0	2399	101	0	0	0.9596	
1285	2500	0	2399	101	0	0	0.9596	
1286	2500	0	2399	101	0	0	0.9596	
1287	2500	0	2399	101	0	0	0.9596	
1288	2500	0	2400	100	0	0	0.96	
1289	2500	0	2400	100	0	0	0.96	
1290	2500	0	2400	100	0	0	0.96	
1291	2500	0	2400	100	0	0	0.96	
1292	2500	0	2400	100	0	0	0.96	
1293	2500	0	2400	100	0	0	0.96	
1294	2500	0	2400	100	0	0	0.96	
1295	2500	0	2400	100	0	0	0.96	
1296	2500	0	2401	99	0	0	0.9604	
1297	2500	0	2402	98	0	0	0.9608	
1298	2500	0	2402	98	0	0	0.9608	
1299	2500	0	2403	97	0	0	0.9612	
1300	2500	0	2403	97	0	0	0.9612	
1301	2500	0	2403	97	0	0	0.9612	
1302	2500	0	2403	97	0	0	0.9612	
1303	2500	0	2403	97	0	0	0.9612	
1304	2500	0	2403	97	0	0	0.9612	
1305	2500	0	2403	97	0	0	0.9612	
1306	2500	0	2403	97	0	0	0.9612	
1307	2500	0	2403	97	0	0	0.9612	
1308	2500	0	2403	97	0	0	0.9612	
1309	2500	0	2403	97	0	0	0.9612	
1310	2500	0	2403	97	0	0	0.9612	
1311	2500	0	2403	97	0	0	0.9612	
1312	2500	0	2403	97	0	0	0.9612	
1313	2500	0	2403	97	0	0	0.9612	
1314	2500	0	2403	97	0	0	0.9612	
1315	2500	0	2403	97	0	0	0.9612	
1316	2500	0	2403	97	0	0	0.9612	
1317	2500	0	2403	97	0	0	0.9612	
1318	2500	0	2403	97	0	0	0.9612	
1319	2500	0	2403	97	0	0	0.9612	
1320	2500	0	2403	97	0	0	0.9612	
1321	2500	0	2403	97	0	0	0.9612	
1322	2500	0	2403	97	0	0	0.9612	
1323	2500	0	2406	94	0	0	0.9624	
1324	2500	0	2406	94	0	0	0.9624	
1325	2500	0	2406	94	0	0	0.9624	
1326	2500	0	2407	93	0	0	0.9628	
1327	2500	0	2408	92	0	0	0.9632	
1328	2500	0	2408	92	0	0	0.9632	
1329	2500	0	2408	92	0	0	0.9632	
1330	2500	0	2409	91	0	0	0.9636	
1331	2500	0	2410	90	0	0	0.964	
1332	2500	0	2410	90	0	0	0.964	
1333	2500	0	2410	90	0	0	0.964	
1334	2500	0	2412	88	0	0	0.9648	
1335	2500	0	2413	87	0	0	0.9652	
1336	2500	0	2414	86	0	0	0.9656	
1337	2500	0	2414	86	0	0	0.9656	
1338	2500	0	2414	86	0	0	0.9656	
1339	2500	0	2415	85	0	0	0.966	
1340	2500	0	2416	84	0	0	0.9664	
1341	2500	0	2416	84	0	0	0.9664	
1342	2500	0	2416	84	0	0	0.9664	
1343	2500	0	2416	84	0	0	0.9664	
1344	2500	0	2416	84	0	0	0.9664	
1345	2500	0	2416	84	0	0	0.9664	
1346	2500	0	2416	84	0	0	0.9664	
1347	2500	0	2416	84	0	0	0.9664	
1348	2500	0	2416	84	0	0	0.9664	
1349	2500	0	2416	84	0	0	0.9664	
1350	2500	0	2417	83	0	0	0.9668	
1351	2500	0	2418	82	0	0	0.9672	
1352	2500	0	2418	82	0	0	0.9672	
1353	2500	0	2418	82	0	0	0.9672	
1354	2500	0	2418	82	0	0	0.9672	
1355	2500	0	2418	82	0	0	0.9672	
1356	2500	0	2418	82	0	0	0.9672	
1357	2500	0	2418	82	0	0	0.9672	
1358	2500	0	2418	82	0	0	0.9672	
1359	2500	0	2418	82	0	0	0.9672	
1360	2500	0	2418	82	0	0	0.9672	
1361	2500	0	2418	82	0	0	0.9672	
1362	2500	0	2418	82	0	0	0.9672	
1363	2500	0	2418	82	0	0	0.9672	
1364	2500	0	2418	82	0	0	0.9672	
1365	2500	0	2418	82	0	0	0.9672	
1366	2500	0	2418	82	0	0	0.9672	
1367	2500	0	2418	82	0	0	0.9672	
1368	2500	0	2418	82	0	0	0.9672	
1369	2500	0	2418	82	0	0	0.9672	
1370	2500	0	2418	82	0	0	0.9672	
1371	2500	0	2418	82	0	0	0.9672	
1372	2500	0	2418	82	0	0	0.9672	
1373	2500	0	2418	82	0	0	0.9672	
1374	2500	0	2418	82	0	0	0.9672	
1375	2500	0	2418	82	0	0	0.9672	
1376	2500	0	2419	81	0	0	0.9676	
1377	2500	0	2420	80	0	0	0.968	
1378	2500	0	2420	80	0	0	0.968	
1379	2500	0	2420	80	0	0	0.968	
1380	2500	0	2420	80	0	0	0.968	
1381	2500	0	2420	80	0	0	0.968	
1382	2500	0	2420	80	0	0	0.968	
1383	2500	0	2420	80	0	0	0.968	
1384	2500	0	2420	80	0	0	0.968	
1385	2500	0	2420	80	0	0	0.968	
1386	2500	0	2420	80	0	0	0.968	
1387	2500	0	2420	80	0	0	0.968	
1388	2500	0	2420	80	0	0	0.968	
1389	2500	0	2420	80	0	0	0.968	
1390	2500	0	2421	79	0	0	0.9684	
1391	2500	0	2421	79	0	0	0.9684	
1392	2500	0	2421	79	0	0	0.9684	
1393	2500	0	2421	79	0	0	0.9684	
1394	2500	0	2422	78	0	0	0.9688	
1395	2500	0	2422	78	0	0	0.9688	
1396	2500	0	2423	77	0	0	0.9692	
1397	2500	0	2425	75	0	0	0.97	
1398	2500	0	2425	75	0	0	0.97	
1399	2500	0	2425	75	0	0	0.97	
1400	2500	0	2425	75	0	0	0.97	
1401	2500	0	2425	75	0	0	0.97	
1402	2500	0	2425	75	0	0	0.97	
1403	2500	0	2425	75	0	0	0.97	
1404	2500	0	2425	75	0	0	0.97	
1405	2500	0	2425	75	0	0	0.97	
1406	2500	0	2425	75	0	0	0.97	
1407	2500	0	2426	74	0	0	0.9704	
1408	2500	0	2426	74	0	0	0.9704	
1409	2500	0	2426	74	0	0	0.9704	
1410	2500	0	2426	74	0	0	0.9704	
1411	2500	0	2426	74	0	0	0.9704	
1412	2500	0	2426	74	0	0	0.9704	
1413	2500	0	2426	74	0	0	0.9704	
1414	2500	0	2426	74	0	0	0.9704	
1415	2500	0	2426	74	0	0	0.9704	
1416	2500	0	2426	74	0	0	0.9704	
1417	2500	0	2426	74	0	0	0.9704	
1418	2500	0	2426	74	0	0	0.9704	
1419	2500	0	2426	74	0	0	0.9704	
1420	2500	0	2426	74	0	0	0.9704	
1421	2500	0	2426	74	0	0	0.9704	
1422	2500	0	2426	74	0	0	0.9704	
1423	2500	0	2426	74	0	0	0.9704	
1424	2500	0	2426	74	0	0	0.9704	
1425	2500	0	2426	74	0	0	0.9704	
1426	2500	0	2426	74	0	0	0.9704	
1427	2500	0	2426	74	0	0	0.9704	
1428	2500	0	2426	74	0	0	0.9704	
1429	2500	0	2427	73	0	0	0.9708	
1430	2500	0	2428	72	0	0	0.9712	
1431	2500	0	2430	70	0	0	0.972	
1432	2500	0	2430	70	0	0	0.972	
1433	2500	0	2430	70	0	0	0.972	
1434	2500	0	2430	70	0	0	0.972	
1435	2500	0	2430	70	0	0	0.972	
1436	2500	0	2430	70	0	0	0.972	
1437	2500	0	2431	69	0	0	0.9724	
1438	2500	0	2431	69	0	0	0.9724	
1439	2500	0	2431	69	0	0	0.9724	
1440	2500	0	2432	68	0	0	0.9728	
1441	2500	0	2433	67	0	0	0.9732	
1442	2500	0	2435	65	0	0	0.974	
1443	2500	0	2435	65	0	0	0.974	
1444	2500	0	2435	65	0	0	0.974	
1445	2500	0	2435	65	0	0	0.974	
1446	2500	0	2435	65	0	0	0.974	
1447	2500	0	2435	65	0	0	0.974	
1448	2500	0	2436	64	0	0	0.9744	
1449	2500	0	2436	64	0	0	0.9744	
1450	2500	0	2436	64	0	0	0.9744	
1451	2500	0	2436	64	0	0	0.9744	
1452	2500	0	2436	64	0	0	0.9744	
1453	2500	0	2436	64	0	0	0.9744	
1454	2500	0	2437	63	0	0	0.9748	
1455	2500	0	2437	63	0	0	0.9748	
1456	2500	0	2437	63	0	0	0.9748	
1457	2500	0	2437	63	0	0	0.9748	
1458	2500	0	2437	63	0	0	0.9748	
1459	2500	0	2437	63	0	0	0.9748	
1460	2500	0	2437	63	0	0	0.9748	
1461	2500	0	2437	63	0	0	0.9748	
1462	2500	0	2437	63	0	0	0.9748	
1463	2500	0	2437	63	0	0	0.9748	
1464	2500	0	2437	63	0	0	0.9748	
1465	2500	0	2437	63	0	0	0.9748	
1466	2500	0	2438	62	0	0	0.9752	
1467	2500	0	2438	62	0	0	0.9752	
1468	2500	0	2438	62	0	0	0.9752	
1469	2500	0	2438	62	0	0	0.9752	
1470	2500	0	2438	62	0	0	0.9752	
1471	2500	0	2438	62	0	0	0.9752	
1472	2500	0	2438	62	0	0	0.9752	
1473	2500	0	2438	62	0	0	0.9752	
1474	2500	0	2438	62	0	0	0.9752	
1475	2500	0	2438	62	0	0	0.9752	
1476	2500	0	2439	61	0	0	0.9756	
1477	2500	0	2439	61	0	0	0.9756	
1478	2500	0	2440	60	0	0	0.976	
1479	2500	0	2440	60	0	0	0.976	
1480	2500	0	2440	60	0	0	0.976	
1481	2500	0	2440	60	0	0	0.976	
1482	2500	0	2440	60	0	0	0.976	
1483	2500	0	2440	60	0	0	0.976	
1484	2500	0	2440	60	0	0	0.976	
1485	2500	0	2440	60	0	0	0.976	
1486	2500	0	2440	60	0	0	0.976	
1487	2500	0	2440	60	0	0	0.976	
1488	2500	0	2440	60	0	0	0.976	
1489	2500	0	2440	60	0	0	0.976	
1490	2500	0	2441	59	0	0	0.9764	
1491	2500	0	2441	59	0	0	0.9764	
1492	2500	0	2441	59	0	0	0.9764	
1493	2500	0	2442	58	0	0	0.9768	
1494	2500	0	2443	57	0	0	0.9772	
1495	2500	0	2443	57	0	0	0.9772	
1496	2500	0	2443	57	0	0	0.9772	
1497	2500	0	2443	57	0	0	0.9772	
1498	2500	0	2443	57	0	0	0.9772	
1499	2500	0	2443	57	0	0	0.9772	
1500	2500	0	2443	57	0	0	0.9772	
1501	2500	0	2443	57	0	0	0.9772	
1502	2500	0	2443	57	0	0	0.9772	
1503	2500	0	2443	57	0	0	0.9772	
1504	2500	0	2443	57	0	0	0.9772	
1505	2500	0	2444	56	0	0	0.9776	
1506	2500	0	2445	55	0	0	0.978	
1507	2500	0	2445	55	0	0	0.978	
1508	2500	0	2445	55	0	0	0.978	
1509	2500	0	2446	54	0	0	0.9784	
1510	2500	0	2446	54	0	0	0.9784	
1511	2500	0	2446	54	0	0	0.9784	
1512	2500	0	2446	54	0	0	0.9784	
1513	2500	0	2447	53	0	0	0.9788	
1514	2500	0	2448	52	0	0	0.9792	
1515	2500	0	2448	52	0	0	0.9792	
1516	2500	0	2448	52	0	0	0.9792	
1517	2500	0	2448	52	0	0	0.9792	
1518	2500	0	2448	52	0	0	0.9792	
1519	2500	0	2449	51	0	0	0.9796	
1520	2500	0	2449	51	0	0	0.9796	
1521	2500	0	2451	49	0	0	0.9804	
1522	2500	0	2451	49	0	0	0.9804	
1523	2500	0	2451	49	0	0	0.9804	
1524	2500	0	2451	49	0	0	0.9804	
1525	2500	0	2452	48	0	0	0.9808	
1526	2500	0	2452	48	0	0	0.9808	
1527	2500	0	2452	48	0	0	0.9808	
1528	2500	0	2452	48	0	0	0.9808	
1529	2500	0	2452	48	0	0	0.9808	
1530	2500	0	2452	48	0	0	0.9808	
1531	2500	0	2453	47	0	0	0.9812	
1532	2500	0	2453	47	0	0	0.9812	
1533	2500	0	2453	47	0	0	0.9812	
1534	2500	0	2453	47	0	0	0.9812	
1535	2500	0	2453	47	0	0	0.9812	
1536	2500	0	2453	47	0	0	0.9812	
1537	2500	0	2453	47	0	0	0.9812	
1538	2500	0	2453	47	0	0	0.9812	
1539	2500	0	2453	47	0	0	0.9812	
1540	2500	0	2453	47	0	0	0.9812	
1541	2500	0	2453	47	0	0	0.9812	
1542	2500	0	2453	47	0	0	0.9812	
1543	2500	0	2453	47	0	0	0.9812	
1544	2500	0	2453	47	0	0	0.9812	
1545	2500	0	2453	47	0	0	0.9812	
1546	2500	0	2453	47	0	0	0.9812	
1547	2500	0	2453	47	0	0	0.9812	
1548	2500	0	2453	47	0	0	0.9812	
1549	2500	0	2453	47	0	0	0.9812	
1550	2500	0	2453	47	0	0	0.9812	
1551	2500	0	2454	46	0	0	0.9816	
1552	2500	0	2454	46	0	0	0.9816	
1553	2500	0	2454	46	0	0	0.9816	
1554	2500	0	2454	46	0	0	0.9816	
1555	2500	0	2454	46	0	0	0.9816	
1556	2500	0	2454	46	0	0	0.9816	
1557	2500	0	2454	46	0	0	0.9816	
1558	2500	0	2454	46	0	0	0.9816	
1559	2500	0	2454	46	0	0	0.9816	
1560	2500	0	2454	46	0	0	0.9816	
1561	2500	0	2454	46	0	0	0.9816	
1562	2500	0	2454	46	0	0	0.9816	
1563	2500	0	2454	46	0	0	0.9816	
1564	2500	0	2454	46	0	0	0.9816	
1565	2500	0	2454	46	0	0	0.9816	
1566	2500	0	2454	46	0	0	0.9816	
1567	2500	0	2454	46	0	0	0.9816	
1568	2500	0	2454	46	0	0	0.9816	
1569	2500	0	2455	45	0	0	0.982	
1570	2500	0	2455	45	0	0	0.982	
1571	2500	0	2455	45	0	0	0.982	
1572	2500	0	2455	45	0	0	0.982	
1573	2500	0	2455	45	0	0	0.982	
1574	2500	0	2455	45	0	0	0.982	
1575	2500	0	2455	45	0	0	0.982	
1576	2500	0	2455	45	0	0	0.982	
1577	2500	0	2455	45	0	0	0.982	
1578	2500	0	2455	45	0	0	0.982	
1579	2500	0	2455	45	0	0	0.982	
1580	2500	0	2455	45	0	0	0.982	
1581	2500	0	2455	45	0	0	0.982	
1582	2500	0	2455	45	0	0	0.982	
1583	2500	0	2455	45	0	0	0.982	
1584	2500	0	2455	45	0	0	0.982	
1585	2500	0	2455	45	0	0	0.982	
1586	2500	0	2455	45	0	0	0.982	
1587	2500	0	2455	45	0	0	0.982	
1588	2500	0	2455	45	0	0	0.982	
1589	2500	0	2455	45	0	0	0.982	
1590	2500	0	2455	45	0	0	0.982	
1591	2500	0	2455	45	0	0	0.982	
1592	2500	0	2455	45	0	0	0.982	
1593	2500	0	2455	45	0	0	0.982	
1594	2500	0	2455	45	0	0	0.982	
1595	2500	0	2455	45	0	0	0.982	
1596	2500	0	2455	45	0	0	0.982	
1597	2500	0	2455	45	0	0	0.982	
1598	2500	0	2455	45	0	0	0.982	
1599	2500	0	2455	45	0	0	0.982	
1600	2500	0	2455	45	0	0	0.982	
1601	2500	0	2455	45	0	0	0.982	
1602	2500	0	2456	44	0	0	0.9824	
1603	2500	0	2456	44	0	0	0.9824	
1604	2500	0	2456	44	0	0	0.9824	
1605	2500	0	2456	44	0	0	0.9824	
1606	2500	0	2456	44	0	0	0.9824	
1607	2500	0	2456	44	0	0	0.9824	
1608	2500	0	2456	44	0	0	0.9824	
1609	2500	0	2456	44	0	0	0.9824	
1610	2500	0	2456	44	0	0	0.9824	
1611	2500	0	2456	44	0	0	0.9824	
1612	2500	0	2456	44	0	0	0.9824	
1613	2500	0	2456	44	0	0	0.9824	
1614	2500	0	2456	44	0	0	0.9824	
1615	2500	0	2456	44	0	0	0.9824	
1616	2500	0	2456	44	0	0	0.9824	
1617	2500	0	2456	44	0	0	0.9824	
1618	2500	0	2456	44	0	0	0.9824	
1619	2500	0	2456	44	0	0	0.9824	
1620	2500	0	2457	43	0	0	0.9828	
1621	2500	0	2457	43	0	0	0.9828	
1622	2500	0	2457	43	0	0	0.9828	
1623	2500	0	2457	43	0	0	0.9828	
1624	2500	0	2457	43	0	0	0.9828	
1625	2500	0	2457	43	0	0	0.9828	
1626	2500	0	2457	43	0	0	0.9828	
1627	2500	0	2457	43	0	0	0.9828	
1628	2500	0	2457	43	0	0	0.9828	
1629	2500	0	2458	42	0	0	0.9832	
1630	2500	0	2459	41	0	0	0.9836	
1631	2500	0	2459	41	0	0	0.9836	
1632	2500	0	2459	41	0	0	0.9836	
1633	2500	0	2459	41	0	0	0.9836	
1634	2500	0	2459	41	0	0	0.9836	
1635	2500	0	2459	41	0	0	0.9836	
1636	2500	0	2459	41	0	0	0.9836	
1637	2500	0	2459	41	0	0	0.9836	
1638	2500	0	2459	41	0	0	0.9836	
1639	2500	0	2459	41	0	0	0.9836	
1640	2500	0	2459	41	0	0	0.9836	
1641	2500	0	2459	41	0	0	0.9836	
1642	2500	0	2112	39	349	0	0.9818689	
1643	1644	2500	2500	0	4851	82	-2433	0	0.9833773	
0	4846	82	-2405	0	0.9832824	
1645	2500	0	2459	41	0	0	0.9836	
1646	2500	0	2082	39	379	0	0.98161244	
1647	2500	0	2459	41	0	0	0.9836	
1648	2500	0	2459	41	0	0	0.9836	
1649	2500	0	2459	41	0	0	0.9836	
1650	2500	0	4918	82	-2500	0	0.9836	
1651	2500	0	4537	77	-2091	0	0.98388153	
1652	2500	0	24	0	2476	0	1.0	
1653	2500	0	2459	41	0	0	0.9836	
1654	2500	0	1874	38	588	0	0.98012555	
1655	2500	0	2459	41	0	0	0.9836	
1656	2500	0	4918	82	-2500	0	0.9836	
1657	2500	0	2459	41	0	0	0.9836	
1658	2500	0	4918	82	-2500	0	0.9836	
1660	2500	0	4801	78	-2379	0	0.98401314	
1659	2500	0	4801	78	-2362	0	0.98416287	
1661	2500	0	2460	40	0	0	0.984	
1662	2500	0	4920	80	-2500	0	0.984	
1663	2500	0	4479	73	-2052	0	0.9839631	
1664	2500	0	4920	80	-2500	0	0.984	
1665	2500	0	4709	78	-2287	0	0.9837059	
1666	2500	0	4918	80	-2498	0	0.9839936	
1667	2500	0	3285	44	-813	0	0.986719	
1668	2500	0	4905	80	-2485	0	0.98395187	
1669	2500	0	2465	39	0	0	0.9844	
1670	2500	0	4922	78	-2500	0	0.9844	
1671	2500	0	3060	42	-602	0	0.9864603	
1672	2500	0	4912	78	-2490	0	0.98436874	
1673	2500	0	2703	41	-224	0	0.98531574	
1674	2500	0	4917	78	-2495	0	0.98438436	
1675	2500	0	2461	39	0	0	0.9844	
1676	2500	0	4922	78	-2500	0	0.9844	
1677	2500	0	2461	39	0	0	0.9844	
1678	2500	0	179	1	2320	0	0.99444443	
1679	2500	0	2461	39	0	0	0.9844	
1680	2500	0	4922	78	-2500	0	0.9844	
1681	2500	0	2461	39	0	0	0.9844	
1682	2500	0	2461	39	0	0	0.9844	
1683	2500	0	2461	39	0	0	0.9844	
1684	2500	0	2462	38	0	0	0.9848	
1685	2500	0	2462	38	0	0	0.9848	
1686	2500	0	2462	38	0	0	0.9848	
1687	2500	0	4924	76	-2500	0	0.9848	
1688	2500	0	2462	38	0	0	0.9848	
1689	2500	0	2462	38	0	0	0.9848	
1690	2500	0	2462	38	0	0	0.9848	
1691	2500	0	3280	41	-817	0	0.9876394	
1692	2500	0	4899	76	-2475	0	0.9847236	
1693	2500	0	2462	38	0	0	0.9848	
1694	2500	0	2462	38	0	0	0.9848	
1695	2500	0	2462	38	0	0	0.9848	
1696	2500	0	2462	38	0	0	0.9848	
1697	2500	0	2462	38	0	0	0.9848	
1698	2500	0	2462	38	0	0	0.9848	
1699	2500	0	2462	38	0	0	0.9848	
1700	2500	0	2462	38	0	0	0.9848	
1701	2500	0	2462	38	0	0	0.9848	
1702	2500	0	2462	38	0	0	0.9848	
1703	2500	0	2462	38	0	0	0.9848	
1704	2500	0	2462	38	0	0	0.9848	
1705	2500	0	2462	38	0	0	0.9848	
1706	2500	0	2462	38	0	0	0.9848	
1707	2500	0	2462	38	0	0	0.9848	
1708	2500	0	2463	37	0	0	0.9852	
1709	2500	0	2463	37	0	0	0.9852	
1710	2500	0	2463	37	0	0	0.9852	
1711	2500	0	2463	37	0	0	0.9852	
1712	2500	0	2464	36	0	0	0.9856	
1713	2500	0	2465	35	0	0	0.986	
1714	2500	0	2465	35	0	0	0.986	
1715	2500	0	2465	35	0	0	0.986	
1716	2500	0	2465	35	0	0	0.986	
1717	2500	0	2465	35	0	0	0.986	
1718	2500	0	2465	35	0	0	0.986	
1719	2500	0	2465	35	0	0	0.986	
1720	2500	0	2465	35	0	0	0.986	
1721	2500	0	2465	35	0	0	0.986	
1722	2500	0	2465	35	0	0	0.986	
1723	2500	0	2465	35	0	0	0.986	
1724	2500	0	2465	35	0	0	0.986	
1725	2500	0	2465	35	0	0	0.986	
1726	2500	0	2465	35	0	0	0.986	
1727	2500	0	2465	35	0	0	0.986	
1728	2500	0	2465	35	0	0	0.986	
1729	2500	0	2465	35	0	0	0.986	
1730	2500	0	2465	35	0	0	0.986	
1731	2500	0	2465	35	0	0	0.986	
1732	2500	0	2465	35	0	0	0.986	
1733	2500	0	2465	35	0	0	0.986	
1734	2500	0	2465	35	0	0	0.986	
1735	2500	0	2465	35	0	0	0.986	
1736	2500	0	2465	35	0	0	0.986	
1737	2500	0	2465	35	0	0	0.986	
1738	2500	0	2465	35	0	0	0.986	
1739	2500	0	2465	35	0	0	0.986	
1740	2500	0	2465	35	0	0	0.986	
1741	2500	0	2465	35	0	0	0.986	
1742	2500	0	2465	35	0	0	0.986	
1743	2500	0	2465	35	0	0	0.986	
1744	2500	0	2465	35	0	0	0.986	
1745	2500	0	2465	35	0	0	0.986	
1746	2500	0	2465	35	0	0	0.986	
1747	2500	0	2466	34	0	0	0.9864	
1748	2500	0	2466	34	0	0	0.9864	
1749	2500	0	2466	34	0	0	0.9864	
1750	2500	0	2467	33	0	0	0.9868	
1751	2500	0	2467	33	0	0	0.9868	
1752	2500	0	2467	33	0	0	0.9868	
1753	2500	0	2467	33	0	0	0.9868	
1754	2500	0	2467	33	0	0	0.9868	
1755	2500	0	2468	32	0	0	0.9872	
1756	2500	0	2468	32	0	0	0.9872	
1757	2500	0	2468	32	0	0	0.9872	
1758	2500	0	2468	32	0	0	0.9872	
1759	2500	0	2469	31	0	0	0.9876	
1760	2500	0	2469	31	0	0	0.9876	
1761	2500	0	2469	31	0	0	0.9876	
1762	2500	0	2469	31	0	0	0.9876	
1763	2500	0	2469	31	0	0	0.9876	
1764	2500	0	2469	31	0	0	0.9876	
1765	2500	0	2469	31	0	0	0.9876	
1766	2500	0	2469	31	0	0	0.9876	
1767	2500	0	2469	31	0	0	0.9876	
1768	2500	0	2469	31	0	0	0.9876	
1769	2500	0	2469	31	0	0	0.9876	
1770	2500	0	2469	31	0	0	0.9876	
1771	2500	0	2469	31	0	0	0.9876	
1772	2500	0	2471	29	0	0	0.9884	
1773	2500	0	2471	29	0	0	0.9884	
1774	2500	0	2471	29	0	0	0.9884	
1775	2500	0	2471	29	0	0	0.9884	
1776	2500	0	2471	29	0	0	0.9884	
1777	2500	0	2471	29	0	0	0.9884	
1778	2500	0	2471	29	0	0	0.9884	
1779	2500	0	2471	29	0	0	0.9884	
1780	2500	0	2471	29	0	0	0.9884	
1781	2500	0	2471	29	0	0	0.9884	
1782	2500	0	2471	29	0	0	0.9884	
1783	2500	0	2471	29	0	0	0.9884	
1784	2500	0	2471	29	0	0	0.9884	
1785	2500	0	2472	28	0	0	0.9888	
1786	2500	0	2472	28	0	0	0.9888	
1787	2500	0	2472	28	0	0	0.9888	
1788	2500	0	2472	28	0	0	0.9888	
1789	2500	0	2472	28	0	0	0.9888	
1790	2500	0	2472	28	0	0	0.9888	
1791	2500	0	2472	28	0	0	0.9888	
1792	2500	0	2472	28	0	0	0.9888	
1793	2500	0	2472	28	0	0	0.9888	
1794	2500	0	2472	28	0	0	0.9888	
1795	2500	0	2472	28	0	0	0.9888	
1796	2500	0	2472	28	0	0	0.9888	
1797	2500	0	2472	28	0	0	0.9888	
1798	2500	0	2472	28	0	0	0.9888	
1799	2500	0	2472	28	0	0	0.9888	
1800	2500	0	2472	28	0	0	0.9888	
1801	2500	0	2472	28	0	0	0.9888	
1802	2500	0	2472	28	0	0	0.9888	
1803	2500	0	2472	28	0	0	0.9888	
1804	2500	0	2472	28	0	0	0.9888	
1805	2500	0	2472	28	0	0	0.9888	
1806	2500	0	2472	28	0	0	0.9888	
1807	2500	0	2472	28	0	0	0.9888	
1808	2500	0	2472	28	0	0	0.9888	
1809	2500	0	2472	28	0	0	0.9888	
1810	2500	0	2472	28	0	0	0.9888	
1811	2500	0	2472	28	0	0	0.9888	
1812	2500	0	2472	28	0	0	0.9888	
1813	2500	0	2472	28	0	0	0.9888	
1814	2500	0	2472	28	0	0	0.9888	
1815	2500	0	2472	28	0	0	0.9888	
1816	2500	0	2472	28	0	0	0.9888	
1817	2500	0	2472	28	0	0	0.9888	
1818	2500	0	2472	28	0	0	0.9888	
1819	2500	0	2472	28	0	0	0.9888	
1820	2500	0	2472	28	0	0	0.9888	
1821	2500	0	2472	28	0	0	0.9888	
1822	2500	0	2472	28	0	0	0.9888	
1823	2500	0	2472	28	0	0	0.9888	
1824	2500	0	2472	28	0	0	0.9888	
1825	2500	0	2472	28	0	0	0.9888	
1826	2500	0	2472	28	0	0	0.9888	
1827	2500	0	2472	28	0	0	0.9888	
1828	2500	0	2472	28	0	0	0.9888	
1829	2500	0	2472	28	0	0	0.9888	
1830	2500	0	2472	28	0	0	0.9888	
1831	2500	0	2472	28	0	0	0.9888	
1832	2500	0	2472	28	0	0	0.9888	
1833	2500	0	2472	28	0	0	0.9888	
1834	2500	0	2472	28	0	0	0.9888	
1835	2500	0	2472	28	0	0	0.9888	
1836	2500	0	2472	28	0	0	0.9888	
1837	2500	0	2472	28	0	0	0.9888	
1838	2500	0	2472	28	0	0	0.9888	
1839	2500	0	2472	28	0	0	0.9888	
1840	2500	0	2472	28	0	0	0.9888	
1841	2500	0	2472	28	0	0	0.9888	
1842	2500	0	2472	28	0	0	0.9888	
1843	2500	0	2472	28	0	0	0.9888	
1844	2500	0	2472	28	0	0	0.9888	
1845	2500	0	2472	28	0	0	0.9888	
1846	2500	0	2472	28	0	0	0.9888	
1847	2500	0	2472	28	0	0	0.9888	
1848	2500	0	2472	28	0	0	0.9888	
1849	2500	0	2472	28	0	0	0.9888	
1850	2500	0	2472	28	0	0	0.9888	
1851	2500	0	2472	28	0	0	0.9888	
1852	2500	0	2472	28	0	0	0.9888	
1853	2500	0	2472	28	0	0	0.9888	
1854	2500	0	2472	28	0	0	0.9888	
1855	2500	0	2472	28	0	0	0.9888	
1856	2500	0	2472	28	0	0	0.9888	
1857	2500	0	2472	28	0	0	0.9888	
1858	2500	0	2472	28	0	0	0.9888	
1859	2500	0	2472	28	0	0	0.9888	
1860	2500	0	2472	28	0	0	0.9888	
1861	2500	0	2472	28	0	0	0.9888	
1862	2500	0	2472	28	0	0	0.9888	
1863	2500	0	2472	28	0	0	0.9888	
1864	2500	0	2472	28	0	0	0.9888	
1865	2500	0	2472	28	0	0	0.9888	
1866	2500	0	2472	28	0	0	0.9888	
1867	2500	0	2472	28	0	0	0.9888	
1868	2500	0	2472	28	0	0	0.9888	
1869	2500	0	2472	28	0	0	0.9888	
1870	2500	0	2472	28	0	0	0.9888	
1871	2500	0	2472	28	0	0	0.9888	
1872	2500	0	2472	28	0	0	0.9888	
1873	2500	0	2472	28	0	0	0.9888	
1874	2500	0	2472	28	0	0	0.9888	
1875	2500	0	2472	28	0	0	0.9888	
1876	2500	0	2472	28	0	0	0.9888	
1877	2500	0	2473	27	0	0	0.9892	
1878	2500	0	2473	27	0	0	0.9892	
1879	2500	0	2473	27	0	0	0.9892	
1880	2500	0	2473	27	0	0	0.9892	
1881	2500	0	2473	27	0	0	0.9892	
1882	2500	0	2473	27	0	0	0.9892	
1883	2500	0	2473	27	0	0	0.9892	
1884	2500	0	2473	27	0	0	0.9892	
1885	2500	0	2473	27	0	0	0.9892	
1886	2500	0	2473	27	0	0	0.9892	
1887	2500	0	2473	27	0	0	0.9892	
1888	2500	0	2473	27	0	0	0.9892	
1889	2500	0	2473	27	0	0	0.9892	
1890	2500	0	2473	27	0	0	0.9892	
1891	2500	0	2473	27	0	0	0.9892	
1892	2500	0	2473	27	0	0	0.9892	
1893	2500	0	2473	27	0	0	0.9892	
1894	2500	0	2473	27	0	0	0.9892	
1895	2500	0	2473	27	0	0	0.9892	
1896	2500	0	2474	26	0	0	0.9896	
1897	2500	0	2474	26	0	0	0.9896	
1898	2500	0	2474	26	0	0	0.9896	
1899	2500	0	2474	26	0	0	0.9896	
1900	2500	0	2474	26	0	0	0.9896	
1901	2500	0	2474	26	0	0	0.9896	
1902	2500	0	2474	26	0	0	0.9896	
1903	2500	0	2474	26	0	0	0.9896	
1904	2500	0	2474	26	0	0	0.9896	
1905	2500	0	2474	26	0	0	0.9896	
1906	2500	0	2474	26	0	0	0.9896	
1907	2500	0	2474	26	0	0	0.9896	
1908	2500	0	2474	26	0	0	0.9896	
1909	2500	0	2474	26	0	0	0.9896	
1910	2500	0	2474	26	0	0	0.9896	
1911	2500	0	2474	26	0	0	0.9896	
1912	2500	0	2474	26	0	0	0.9896	
1913	2500	0	2474	26	0	0	0.9896	
1914	2500	0	2474	26	0	0	0.9896	
1915	2500	0	2474	26	0	0	0.9896	
1916	2500	0	2474	26	0	0	0.9896	
1917	2500	0	2474	26	0	0	0.9896	
1918	2500	0	2474	26	0	0	0.9896	
1919	2500	0	2474	26	0	0	0.9896	
1920	2500	0	2474	26	0	0	0.9896	
1921	2500	0	2474	26	0	0	0.9896	
1922	2500	0	2474	26	0	0	0.9896	
1923	2500	0	2474	26	0	0	0.9896	
1924	2500	0	2474	26	0	0	0.9896	
1925	2500	0	2474	26	0	0	0.9896	
1926	2500	0	2474	26	0	0	0.9896	
1927	2500	0	2474	26	0	0	0.9896	
1928	2500	0	2474	26	0	0	0.9896	
1929	2500	0	2474	26	0	0	0.9896	
1930	2500	0	2474	26	0	0	0.9896	
1931	2500	0	2474	26	0	0	0.9896	
1932	2500	0	2474	26	0	0	0.9896	
1933	2500	0	2474	26	0	0	0.9896	
1934	2500	0	2474	26	0	0	0.9896	
1935	2500	0	2474	26	0	0	0.9896	
1936	2500	0	2474	26	0	0	0.9896	
1937	2500	0	2474	26	0	0	0.9896	
1938	2500	0	2474	26	0	0	0.9896	
1939	2500	0	2474	26	0	0	0.9896	
1940	2500	0	2474	26	0	0	0.9896	
1941	2500	0	2474	26	0	0	0.9896	
1942	2500	0	2474	26	0	0	0.9896	
1943	2500	0	2474	26	0	0	0.9896	
1944	2500	0	2474	26	0	0	0.9896	
1945	2500	0	2474	26	0	0	0.9896	
1946	2500	0	2474	26	0	0	0.9896	
1947	2500	0	2474	26	0	0	0.9896	
1948	2500	0	2474	26	0	0	0.9896	
1949	2500	0	2474	26	0	0	0.9896	
1950	2500	0	2474	26	0	0	0.9896	
1951	2500	0	2474	26	0	0	0.9896	
1952	2500	0	2474	26	0	0	0.9896	
1953	2500	0	2474	26	0	0	0.9896	
1954	2500	0	2475	25	0	0	0.99	
1955	2500	0	2476	24	0	0	0.9904	
1956	2500	0	2476	24	0	0	0.9904	
1957	2500	0	2476	24	0	0	0.9904	
1958	2500	0	2476	24	0	0	0.9904	
1959	2500	0	2476	24	0	0	0.9904	
1960	2500	0	2476	24	0	0	0.9904	
1961	2500	0	2476	24	0	0	0.9904	
1962	2500	0	2476	24	0	0	0.9904	
1963	2500	0	2476	24	0	0	0.9904	
1964	2500	0	2476	24	0	0	0.9904	
1965	2500	0	2476	24	0	0	0.9904	
1966	2500	0	2476	24	0	0	0.9904	
1967	2500	0	2477	23	0	0	0.9908	
1968	2500	0	2477	23	0	0	0.9908	
1969	2500	0	2477	23	0	0	0.9908	
1970	2500	0	2477	23	0	0	0.9908	
1971	2500	0	2477	23	0	0	0.9908	
1972	2500	0	2477	23	0	0	0.9908	
1973	2500	0	2477	23	0	0	0.9908	
1974	2500	0	2477	23	0	0	0.9908	
1975	2500	0	2477	23	0	0	0.9908	
1976	2500	0	2477	23	0	0	0.9908	
1977	2500	0	2477	23	0	0	0.9908	
1978	2500	0	2477	23	0	0	0.9908	
1979	2500	0	2478	22	0	0	0.9912	
1980	2500	0	2478	22	0	0	0.9912	
1981	2500	0	2478	22	0	0	0.9912	
1982	2500	0	2478	22	0	0	0.9912	
1983	2500	0	2478	22	0	0	0.9912	
1984	2500	0	2478	22	0	0	0.9912	
1985	2500	0	2478	22	0	0	0.9912	
1986	2500	0	2478	22	0	0	0.9912	
1987	2500	0	2478	22	0	0	0.9912	
1988	2500	0	2478	22	0	0	0.9912	
1989	2500	0	2478	22	0	0	0.9912	
1990	2500	0	2478	22	0	0	0.9912	
1991	2500	0	2478	22	0	0	0.9912	
1992	2500	0	2478	22	0	0	0.9912	
1993	2500	0	2478	22	0	0	0.9912	
1994	2500	0	2478	22	0	0	0.9912	
1995	2500	0	2478	22	0	0	0.9912	
1996	2500	0	2478	22	0	0	0.9912	
1997	2500	0	2478	22	0	0	0.9912	
1998	2500	0	2478	22	0	0	0.9912	
1999	2500	0	2478	22	0	0	0.9912	
2000	2500	0	2478	22	0	0	0.9912	
2001	2500	0	2478	22	0	0	0.9912	
2002	2500	0	2478	22	0	0	0.9912	
2003	2500	0	2478	22	0	0	0.9912	
2004	2500	0	2478	22	0	0	0.9912	
2005	2500	0	2478	22	0	0	0.9912	
2006	2500	0	2478	22	0	0	0.9912	
2007	2500	0	2478	22	0	0	0.9912	
2008	2500	0	2478	22	0	0	0.9912	
2009	2500	0	2478	22	0	0	0.9912	
2010	2500	0	2478	22	0	0	0.9912	
2011	2500	0	2478	22	0	0	0.9912	
2012	2500	0	2478	22	0	0	0.9912	
2013	2500	0	2478	22	0	0	0.9912	
2014	2500	0	2478	22	0	0	0.9912	
2015	2500	0	2478	22	0	0	0.9912	
2016	2500	0	2478	22	0	0	0.9912	
2017	2500	0	2478	22	0	0	0.9912	
2018	2500	0	2478	22	0	0	0.9912	
2019	2500	0	2478	22	0	0	0.9912	
2020	2500	0	2478	22	0	0	0.9912	
2021	2500	0	2478	22	0	0	0.9912	
2022	2500	0	2478	22	0	0	0.9912	
2023	2500	0	2478	22	0	0	0.9912	
2024	2500	0	2478	22	0	0	0.9912	
2025	2500	0	2478	22	0	0	0.9912	
2026	2500	0	2478	22	0	0	0.9912	
2027	2500	0	2478	22	0	0	0.9912	
2028	2500	0	2478	22	0	0	0.9912	
2029	2500	0	2478	22	0	0	0.9912	
2030	2500	0	2478	22	0	0	0.9912	
2031	2500	0	2478	22	0	0	0.9912	
2032	2500	0	2478	22	0	0	0.9912	
2033	2500	0	2478	22	0	0	0.9912	
2034	2500	0	2478	22	0	0	0.9912	
2035	2500	0	2478	22	0	0	0.9912	
2036	2500	0	2478	22	0	0	0.9912	
2037	2500	0	2478	22	0	0	0.9912	
2038	2500	0	2478	22	0	0	0.9912	
2039	2500	0	2478	22	0	0	0.9912	
2040	2500	0	2478	22	0	0	0.9912	
2041	2500	0	2478	22	0	0	0.9912	
2042	2500	0	2479	21	0	0	0.9916	
2043	2500	0	2479	21	0	0	0.9916	
2044	2500	0	2479	21	0	0	0.9916	
2045	2500	0	2479	21	0	0	0.9916	
2046	2500	0	2479	21	0	0	0.9916	
2047	2500	0	2479	21	0	0	0.9916	
2048	2500	0	2479	21	0	0	0.9916	
2049	2500	0	2479	21	0	0	0.9916	
2050	2500	0	2479	21	0	0	0.9916	
2051	2500	0	2479	21	0	0	0.9916	
2052	2500	0	2479	21	0	0	0.9916	
2053	2500	0	2479	21	0	0	0.9916	
2054	2500	0	2479	21	0	0	0.9916	
2055	2500	0	2479	21	0	0	0.9916	
2056	2500	0	2479	21	0	0	0.9916	
2057	2500	0	2479	21	0	0	0.9916	
2058	2500	0	2479	21	0	0	0.9916	
2059	2500	0	2479	21	0	0	0.9916	
2060	2500	0	2479	21	0	0	0.9916	
2061	2500	0	2479	21	0	0	0.9916	
2062	2500	0	2479	21	0	0	0.9916	
2063	2500	0	2479	21	0	0	0.9916	
2064	2500	0	2479	21	0	0	0.9916	
2065	2500	0	2479	21	0	0	0.9916	
